EyeBlinkLeft,EyeLookDownLeft,EyeLookInLeft,EyeLookOutLeft,EyeLookUpLeft,EyeSquintLeft,EyeWideLeft,EyeBlinkRight,EyeLookDownRight,EyeLookInRight,EyeLookOutRight,EyeLookUpRight,EyeSquintRight,EyeWideRight,JawForward,JawRight,JawLeft,JawOpen,MouthClose,MouthFunnel,MouthPucker,MouthRight,MouthLeft,MouthSmileLeft,MouthSmileRight,MouthFrownLeft,MouthFrownRight,MouthDimpleLeft,MouthDimpleRight,MouthStretchLeft,MouthStretchRight,MouthRollLower,MouthRollUpper,MouthShrugLower,MouthShrugUpper,MouthPressLeft,MouthPressRight,MouthLowerDownLeft,MouthLowerDownRight,MouthUpperUpLeft,MouthUpperUpRight,BrowDownLeft,BrowDownRight,BrowInnerUp,BrowOuterUpLeft,BrowOuterUpRight,CheekPuff,CheekSquintLeft,CheekSquintRight,NoseSneerLeft,NoseSneerRight,TongueOut
0.016898546,0.011477834,0.052035414,0.024989102,0.0,0.017807301,0.022302017,0.017055575,0.011476797,0.055215932,0.039349243,0.0,0.017828833,0.023159973,0.0029644938,0.0,0.0,0.019026749,0.014789767,0.035549026,0.0186916,0.0,0.0,0.0,0.0,0.021698551,0.022909418,0.0055685816,0.006015423,0.032683972,0.03816853,0.009857548,0.0,0.025093772,0.016351115,0.013269864,0.012260555,0.020282488,0.018986767,0.018992588,0.020176075,0.06521747,0.06466107,0.016932104,0.0,0.0,0.010136976,0.015545226,0.016998574,0.048580535,0.057256147,0.0
0.020412557,0.010090122,0.0565214,0.031277142,0.0,0.016829493,0.027287576,0.01998648,0.010220852,0.064284824,0.044124395,0.0,0.016778897,0.027862629,0.0018896831,0.0,0.0,0.023202974,0.015941598,0.041479897,0.025233973,0.0,0.0,0.0,0.0,0.02237928,0.024527967,0.0046500564,0.0050087366,0.03395555,0.040350113,0.007477906,0.0,0.026216239,0.01665027,0.012151703,0.01071189,0.021861212,0.02050246,0.018941961,0.019701203,0.053570412,0.0532339,0.018913072,0.0,0.0,0.010289393,0.011887878,0.012912368,0.044531222,0.05261378,0.0
0.025240857,0.02046175,0.06749366,0.03490963,0.010364265,0.014191399,0.031972684,0.024924135,0.020750225,0.069148034,0.055357993,0.009563701,0.01406377,0.032788273,0.0010375412,0.0,3.71621e-05,0.015133446,0.0125555415,0.03254794,0.024793554,0.0,0.0,0.0,0.0,0.017110296,0.019720811,0.0072191916,0.007826462,0.03422204,0.04178363,0.008384122,0.0,0.031565245,0.020149864,0.015369922,0.012952658,0.021088978,0.019849792,0.020786751,0.02188046,0.02596825,0.025760565,0.027709639,0.0,0.0,0.010010678,0.010974166,0.01167392,0.042216275,0.050398584,0.0
0.0047735563,0.025073115,0.091092035,0.042991698,0.009636896,0.008033779,0.03344368,0.0051082997,0.02537544,0.077186905,0.07950629,0.009357488,0.007890908,0.034696274,0.0,0.0,0.0,0.0,0.009193681,0.03155221,0.020319447,0.0,0.0,0.0,0.0,0.011123812,0.018803883,0.008692495,0.00933228,0.035946764,0.043292373,0.009700401,0.0,0.026540212,0.017147709,0.015682502,0.012715349,0.017352832,0.014701618,0.022373578,0.022940397,0.0,0.0,0.037865,0.0,0.0,0.0098684225,0.01213506,0.012657531,0.036066025,0.04221376,0.0
0.0,0.012636822,0.11256394,0.046178546,0.00898362,0.0028255489,0.022108888,0.0,0.012794785,0.08088176,0.1006197,0.008000044,0.0027616844,0.023157338,0.0011146832,0.0,0.00012257625,0.0,0.00763168,0.046293654,0.015042523,0.0,0.0,0.0,0.0,0.00072959927,0.0142765585,0.008276447,0.0083534,0.046504237,0.05458302,0.008547911,0.0,0.013947297,0.010680183,0.014023875,0.0107656205,0.030570872,0.027306588,0.025948659,0.025457868,0.0,0.0,0.04286151,0.0,0.0,0.0106604565,0.011581671,0.010784519,0.030712936,0.033636406,0.0
0.0,0.0,0.12956613,0.06255379,0.022367243,0.0,0.032673206,0.0,0.0,0.09789086,0.11480032,0.022233313,0.0,0.033492796,0.0,0.0,0.0,0.0,0.003503202,0.0062689036,0.00065337186,0.0,0.0,0.0,0.0,0.0,0.014280938,0.004122549,0.004039707,0.038374543,0.04600613,0.014666537,0.0,0.015984116,0.012379029,0.012789367,0.009963418,0.0073539577,0.0057111904,0.0,0.0,0.0,0.0,0.043405842,0.0,0.0,0.010216236,0.0033971714,0.0005155746,0.0125449505,0.010267506,0.0
0.0055590495,0.017303992,0.16183579,0.042889144,0.0,0.0,0.023959279,0.005275704,0.017645169,0.07947084,0.13522485,0.0,0.0,0.024772106,0.0,0.0,0.0,0.0,0.0,0.0,0.0,0.0,0.0,0.0,0.0,0.0,0.010678951,0.0,0.0,0.038787786,0.044465076,0.008656012,0.0,0.005507553,0.008644412,0.010427583,0.008683029,0.013370054,0.015436325,0.0,0.0,0.0,0.0,0.036460146,0.0,0.0,0.008051212,0.0,0.0,0.011140833,0.0066716354,0.0
0.0,0.023541043,0.16611408,0.04707933,0.0,0.0,0.012795661,0.0,0.023768961,0.08609636,0.13394511,0.0,0.0,0.013202872,0.0,0.0,0.0,0.0,0.0,0.0,0.0,0.0,0.0,0.0,0.0,0.0,0.008442633,0.0,0.0,0.038435325,0.03993372,0.0,0.0,0.0,0.0023569483,0.004498196,0.004350923,0.010673622,0.012458516,0.0,0.0,0.0,0.0,0.031147193,0.0,0.0,0.007195333,0.0,0.0,0.010094323,0.0031061815,0.0
0.0,0.026394453,0.16043994,0.048098437,0.0,0.0,0.0068351794,0.0,0.02650591,0.090150714,0.1281903,0.0,0.0,0.0072715133,0.0,0.0,0.0,0.0,0.0,0.0,0.014330664,0.0,0.0,0.0,0.0,0.0037594128,0.00868289,0.0,0.0,0.040646017,0.040170874,0.0,0.0,0.0,0.0,0.00096881157,0.0012864128,0.0026517997,0.002425688,0.0,0.0,0.0,0.0,0.03156942,0.0,0.0,0.011074828,0.0,0.0,0.0127488775,0.005425222,0.0
0.0,0.031859454,0.14631909,0.052587613,0.0,0.0,0.0029156897,0.0,0.031988665,0.09574819,0.11671124,0.0,0.0,0.0037351064,0.0,0.0,0.0,0.0,0.0013130885,0.0,0.02347346,0.0,0.0,0.0,0.0,0.0049268287,0.010877482,0.0,0.0,0.04113631,0.04107204,0.0,0.0,0.0,0.0,0.0010217582,0.000988401,0.0,0.0,0.0,0.0,0.0,0.0,0.034554046,0.0,0.0,0.014047369,0.0,0.0,0.01861316,0.012481822,0.0
0.0,0.030290239,0.12820548,0.06578581,0.0,0.0,0.0017558988,0.0,0.030406367,0.108392894,0.10187935,0.0,0.0,0.002798397,0.0,0.0,0.0,0.0,0.0,0.0,0.023009066,0.0,0.0,0.0,0.0,0.0009943745,0.01048098,0.0,0.0,0.037221592,0.038576398,0.0,0.0,0.0,0.0030880384,0.0022791894,0.0020004963,0.0,0.0,0.0,0.0,0.0,0.0,0.03721055,0.0,0.0,0.014051156,0.0,0.0,0.019870078,0.015056839,0.0
0.0,0.024074135,0.1096187,0.08041304,0.0,0.0,0.00425529,0.0,0.024144808,0.12255855,0.08632135,0.0,0.0,0.0053832796,0.0,0.0,0.0,0.0,0.0,0.0,0.01838884,0.0,0.0,0.0,0.0,0.0,0.009979505,0.0,0.0,0.032045245,0.035125047,0.0,0.0,0.0018787095,0.0057590976,0.003123309,0.0027409615,0.0,0.0,0.0,0.0,0.0,0.0,0.040086582,0.0,0.0,0.012522699,0.0,0.0,0.016909948,0.013574865,0.0
0.0,0.019032555,0.09172918,0.08884276,0.0,0.0,0.0077658743,0.0,0.019074319,0.13099234,0.07119849,0.0,0.0,0.009046938,0.0,0.0,0.0,0.0,0.0,0.0,0.014108229,0.0,0.0,0.0,0.0,0.0,0.011535728,0.0,0.0,0.030835386,0.035399612,0.0,0.0,0.00140823,0.005884612,0.003445387,0.002907319,0.0,0.0,0.0,0.0,0.0,0.0,0.04462732,0.0,0.0,0.010911071,0.0,0.0,0.015262371,0.013667973,0.0
0.0,0.015618276,0.077069186,0.098784655,0.0,0.0,0.01280114,0.0,0.015648013,0.14021668,0.059625432,0.0,0.0,0.014301386,0.0,0.0,0.0,0.0,0.0,0.0,0.011094496,0.0,0.0,0.0,0.0,0.0019250456,0.014483137,0.0,0.0,0.03333192,0.038762446,0.0,0.0,0.0004768353,0.0048380163,0.003374463,0.0025781319,0.0030469932,0.0034019034,0.0,0.0,0.0,0.0,0.050251015,0.0,0.0,0.01005739,0.0,0.0,0.016132167,0.015973734,0.0
0.0,0.017299566,0.069096714,0.110708505,0.0,0.0,0.017363874,0.0,0.017366685,0.15093097,0.054244056,0.0,0.0,0.019120518,0.0,0.0,0.0,0.0,0.0,0.0,0.009224936,0.0,0.0,0.0,0.0,0.005276652,0.016826874,0.0,0.0,0.035926536,0.041533966,0.0,0.0,0.0001717601,0.0040488564,0.003133595,0.0019812454,0.007322632,0.007150911,0.0028581582,0.0023715273,0.0,0.0,0.05465711,0.0,0.0,0.010042206,0.0,0.0,0.01709136,0.01747126,0.0
0.0,0.022648938,0.06728517,0.122256026,0.0,0.0,0.018825531,0.0,0.022766361,0.1619401,0.053947106,0.0,0.0,0.020774124,0.0,0.0,0.0,0.0,0.0,0.0,0.008161981,0.0,0.0,0.0,0.0,0.006699411,0.016797898,0.0,0.0,0.036470223,0.041508857,0.0,0.0,0.0,0.003840963,0.0024492405,0.0010178657,0.006268788,0.005874347,0.0047414927,0.0038940795,0.0,0.0,0.056346893,0.0,0.0,0.010213189,0.0,0.0,0.01651574,0.016313989,0.0
0.0,0.028783398,0.066601075,0.13242985,0.0,0.0,0.01689264,0.0,0.028912779,0.17275275,0.053907394,0.0,0.0,0.018902244,0.0,0.0,0.0,0.0,0.0,0.0,0.008303483,0.0,0.0,0.0,0.0,0.0061118044,0.014656905,0.0,0.0,0.03509131,0.03905004,0.0,0.0,0.0,0.004235126,0.0013670241,0.0,0.0020951368,0.0016553234,0.004290385,0.0028582113,0.0,0.0,0.0557165,0.0,0.0,0.010185203,0.0,0.0,0.014833923,0.013329171,0.0
0.0,0.032799743,0.06184697,0.1416377,0.0,0.0,0.013633401,0.0,0.032884505,0.18365157,0.04950998,0.0,0.0,0.015580802,0.0,0.0,0.0,0.0,0.0,0.0,0.009697255,0.0,0.0,0.0,0.0,0.004600007,0.011912027,0.0,0.0,0.032663602,0.035640437,0.0,0.0,0.0,0.005121755,7.3090196e-05,0.0,0.0,0.0,0.0024451418,0.0003910102,0.0,0.0,0.054099526,0.0,0.0,0.010255332,0.0,0.0,0.013117433,0.009999549,0.0
0.0,0.034514897,0.050959013,0.15004572,0.0,0.0,0.010402378,0.0,0.034521863,0.19431572,0.03912686,0.0,0.0,0.012240453,0.0,0.0,0.0,0.0,0.0,0.0,0.011598185,0.0,0.0,0.0,0.0,0.003215285,0.010024527,0.0,0.0,0.030573035,0.033156853,0.0,0.0,0.0,0.0057621524,0.0,0.0,0.0,0.0,0.00042284373,0.0,0.0,0.0,0.052889016,0.0,0.0,0.010527347,0.0,0.0,0.010943994,0.0063266214,0.0
0.0008921623,0.0350479,0.034280386,0.15492165,0.0,0.0,0.00573237,0.00070702285,0.034965977,0.2017465,0.023056615,0.0,0.0,0.007482772,0.0,0.0,0.0,0.0,0.0,0.0,0.012796544,0.0,0.0,0.0,0.0,0.0024574306,0.009543145,0.0,0.0,0.029783942,0.032621108,0.0,0.0,0.0,0.005499937,0.0,0.0,0.0,0.0,0.0,0.0,0.0,0.0,0.052441884,0.0,0.0,0.010461755,0.0,0.0,0.00907311,0.003355125,0.0
0.0,0.031185525,0.013635893,0.1587245,0.0,0.0,0.0007094098,0.0,0.030975664,0.20813899,0.0034960909,0.0,0.0,0.00238981,0.0,0.0,0.0,0.0,0.0,0.0,0.013234125,0.0,0.0,0.0,0.0,0.0019047149,0.009963917,0.0,0.0,0.030841239,0.034460224,0.0,0.0,0.0,0.0040319893,0.0,0.0,0.0,0.0,0.0,0.0,0.0,0.0,0.052963182,0.0,0.0,0.009909229,0.0,0.0,0.007918943,0.0015521441,0.0
0.0,0.025081947,0.0,0.15997404,0.0,0.0,0.0,0.0,0.024738798,0.21189202,0.0,0.0,0.0,0.0,0.0,0.0,0.0,0.0,0.0,0.0,0.013608552,0.0,0.0,0.0,0.0,0.0010808408,0.010563569,0.0,0.0,0.03342186,0.03806762,0.0,0.0,0.0,0.0018678127,0.0,0.0,0.0,0.0,0.0,0.0,0.0,0.0,0.054240897,0.0,0.0,0.0089930855,0.0,0.0,0.007741835,0.0012657065,0.0
0.0,0.015971426,0.0,0.16079983,0.0,0.0,0.0,0.0,0.015488028,0.21499577,0.0,0.0,0.0,0.0,0.0,0.0,0.0,0.0,0.0,0.0,0.012963696,0.0,0.0,0.0,0.0,0.0,0.010548662,0.0,0.0,0.036719587,0.042405035,0.0,0.0,0.0,0.0,0.0,0.0,0.0006232485,0.0005436763,0.0,0.0,0.0,0.0,0.055617783,0.0,0.0,0.007664488,0.0,0.0,0.0077643543,0.0014829338,0.0
0.0,0.0083209835,0.0,0.15985277,0.0,0.0,0.0,0.0,0.007716262,0.2159845,0.0,0.0,0.0,0.0,0.0,0.0,0.0,0.0,0.0,0.00035303645,0.011850941,0.0,0.0,0.0,0.0,0.0,0.009353854,0.0,0.0,0.04021572,0.046787955,0.0,0.0,0.0,0.0,0.0,0.0,0.007200688,0.0070669316,0.0010376181,0.0,0.0,0.0,0.056653902,0.0,0.0,0.006091322,0.0,0.0,0.0076666567,0.0019226186,0.0
0.0,0.0020390376,0.0,0.1591665,0.0,0.0,0.0,0.0,0.0013276432,0.21642634,0.0,0.0,0.0,0.0,0.0,0.0,0.0,0.0,0.0,0.006697749,0.010548548,0.0,0.0,0.0,0.0,0.0,0.007345561,0.0,0.0,0.043186646,0.05046938,0.0,0.0,0.0,0.0,0.0,0.0,0.013828561,0.013620423,0.002991232,0.0016795611,0.0,0.0,0.057327323,0.0,0.0,0.004499104,0.0,0.0,0.008122504,0.0032550786,0.0
0.0,0.0,0.0,0.15863442,0.0,0.0,0.0,0.0,0.0,0.21610032,0.0,0.0,0.0,0.001196227,0.0,0.0,0.0,0.0,0.0018852137,0.01200456,0.009903052,0.0,0.0,0.0,0.0,0.0,0.0052705035,0.0,0.0,0.0445944,0.052314088,0.0,0.0,0.0,0.0,0.0,0.0,0.018318668,0.018052861,0.004780364,0.0038362304,0.0,0.0,0.057155035,0.0,0.0,0.0035165928,0.0,0.0,0.008646248,0.0047392137,0.0
0.0,0.0,0.0,0.15849824,0.0,0.0,0.0046863277,0.0,0.0,0.21539655,0.0,0.0,0.0,0.0064124553,0.0,0.0,0.0,0.0,0.0025145838,0.014834659,0.0102758985,0.0,0.0,0.0,0.0,0.0,0.003822077,0.0,0.0,0.043950804,0.051775724,0.0,0.0,0.0,0.0,0.0,0.0,0.018926553,0.018736087,0.0055667963,0.0048216637,0.0,0.0,0.05590968,0.0,0.0,0.0033821966,0.0,0.0,0.008657359,0.005439611,0.0
0.0,0.0,0.0,0.15920207,0.0,0.0,0.008664408,0.0,0.0,0.21543048,0.0,0.0,0.0,0.0103825675,0.0,0.0,0.0,0.0,0.0018310207,0.01586522,0.0112342825,0.0,0.0,0.0,0.0,0.0,0.0026089177,0.0,0.0,0.042395905,0.05013392,0.0,0.0,0.0,0.0,0.0,0.0,0.018206093,0.018232077,0.0063822754,0.0057657883,0.0,0.0,0.0538442,0.0,0.0,0.0037935844,0.0,0.0,0.008320902,0.005299071,0.0
0.0,0.00086138677,0.0,0.16123858,0.0,0.0,0.010681367,0.0,4.3613836e-06,0.21711102,0.0,0.0,0.0,0.012312198,0.0,0.0,0.0,0.0,0.0010203365,0.016995631,0.012852424,0.0,0.0,0.0,0.0,0.0,0.0018391758,0.0,0.0,0.041304722,0.04895722,0.0,0.0,0.0,0.0,0.0,0.0,0.017835295,0.018034102,0.007257624,0.0067457715,0.0,0.0,0.052050434,0.0,0.0,0.004341889,0.0,0.0,0.007746745,0.0045599975,0.0
0.0,0.0007076217,0.0,0.16507635,0.0,0.0,0.011595388,0.0,0.0,0.22120583,0.0,0.0,0.0,0.0130884815,0.0,0.0,0.0,0.0,0.0008243937,0.018773038,0.014719781,0.0,0.0,0.0,0.0,0.0,0.0015736967,0.0,0.0,0.041338254,0.04911126,0.0,0.0,0.0,3.0619092e-05,0.0,0.0,0.018292144,0.018533604,0.008167602,0.007787308,0.0,0.0,0.05069953,0.0,0.0,0.004686629,0.0,0.0,0.0075849164,0.0041987617,0.0
0.0,0.0,0.0,0.16940427,0.0,0.0,0.011888258,0.0,0.0,0.2264562,0.0,0.0,0.0,0.0132725835,0.0,0.0,0.0,0.0,0.0014587296,0.020869289,0.0166134,0.0,0.0,0.0,0.0,0.0,0.0014004968,0.0,0.0,0.042182796,0.050340086,0.0,0.0,0.0,0.00021933578,0.0,0.0,0.019004878,0.01922943,0.0086065605,0.008389514,0.0,0.0,0.05000229,0.0,0.0,0.0047169505,0.0,0.0,0.0071723703,0.0037195329,0.0
0.0,0.0,0.0,0.17261723,0.0,0.0,0.011720689,0.0,0.0,0.23075221,0.0,0.0,0.0,0.012999486,0.0,0.0,0.0,0.0,0.0025112908,0.022551311,0.017938893,0.0,0.0,0.0,0.0,0.0,0.00063633174,0.0,0.0,0.043309342,0.05208954,0.0,0.0,0.0,0.000116583426,0.0,0.0,0.020045051,0.02034245,0.009270994,0.009359229,0.0,0.0,0.04992227,0.0,0.0,0.0043198005,0.0,0.0,0.00816185,0.0050031263,0.0
0.0,0.0,0.0,0.1746169,0.0,0.0,0.011773252,0.0,0.0,0.23329662,0.0,0.0,0.0,0.012955386,0.0,0.0,0.0,0.0,0.003653117,0.023713548,0.018162461,0.0,0.0,0.0,0.0,0.0,0.0,0.0,0.0,0.04439133,0.05390561,0.0,0.0,0.0,0.0,0.0,0.0,0.022077162,0.022501806,0.010514195,0.010958145,0.0,0.0,0.050218947,0.0,0.0,0.0035732675,0.0,0.0,0.009924097,0.0072768964,0.0
0.0,0.0,0.0,0.17708305,0.0,0.0,0.012946373,0.0,0.0,0.23560344,0.0,0.0,0.0,0.014060799,0.0,0.0,0.0,0.00087593356,0.004514387,0.025210798,0.017631471,0.0,0.0,0.0,0.0,0.0,0.0,0.0,0.0,0.045084536,0.05531179,0.0,0.0,0.0,0.0,0.0,0.0,0.02472199,0.025222795,0.01224283,0.012988855,0.0,0.0,0.050475426,0.0,0.0,0.0028245528,0.0,0.0012231991,0.011448467,0.009404575,0.0
0.0,0.0,0.0,0.18083121,0.0,0.0,0.014706459,0.0,0.0,0.2389378,0.0,0.0,0.0,0.015791463,0.0,0.0,0.0,0.0022407437,0.0049086073,0.028050069,0.017483592,0.0,0.0,0.0,0.0,0.0,0.0,0.0,0.0,0.04550681,0.05641286,0.0,0.0,0.0,0.0,0.0,0.0,0.027331535,0.027857285,0.014386166,0.015325313,0.0,0.0,0.050663922,0.0,0.0,0.0023574498,0.0,0.0017683608,0.012231279,0.010789014,0.0
0.0,0.0,0.0,0.18461353,0.0,0.0,0.016596293,0.0,0.0,0.24221936,0.0,0.0,0.0,0.017664962,0.0,0.0,0.0,0.0033682126,0.004910809,0.031584833,0.017695984,0.0,0.0,0.0,0.0,0.0,0.0,0.0,0.0,0.046149,0.057636965,0.0,0.0,0.0,0.0,0.0,0.0,0.030171825,0.030753339,0.017148258,0.018262528,0.0,0.0,0.05108367,0.0,0.0,0.0020579933,0.0,0.00196407,0.013075836,0.012171915,0.0
0.0,0.0,0.0,0.18750283,0.0,0.0,0.01868596,0.0,0.0,0.24450922,0.0,0.0,0.0,0.019726133,0.0,0.0,0.0,0.005133721,0.0048201266,0.035270907,0.017595544,0.0,0.0,0.0,0.0,0.0,0.0,0.0,0.0,0.047447726,0.05939802,0.0,0.0,0.0,0.0,0.0,0.0,0.03383698,0.0345047,0.02062392,0.02192359,0.0,0.0,0.051783346,0.0,0.0,0.0017397138,0.0,0.0023716297,0.014702237,0.01422248,0.0
0.0,0.0,0.0,0.18998972,0.0,0.0,0.020713754,0.0,0.0,0.24635564,0.0,0.0,0.0,0.021753717,0.0,0.0,0.0,0.0074285553,0.005089492,0.03974451,0.017537575,0.0,0.0,0.0,0.0,0.0,0.0,0.0,0.0,0.049393974,0.061680205,0.0,0.0,0.0,0.0,0.0,0.0,0.03810061,0.038750123,0.024102304,0.025509112,0.0,0.0,0.05270486,0.0,0.0,0.0014272626,0.0,0.0027690222,0.015762314,0.015568446,0.0
0.0,0.0021858402,0.0,0.19285607,0.0,0.0,0.02358156,0.0,0.0012965817,0.24862638,0.0,0.0,0.0,0.024642687,0.0,0.0,0.0,0.009234047,0.005572774,0.044514503,0.0180939,0.0,0.0,0.0,0.0,0.0,0.0,0.0,0.0,0.0510512,0.063578725,0.0,0.0,0.0,0.0,0.0,0.0,0.040908925,0.041496135,0.0268209,0.028265776,0.0,0.0,0.053787675,0.0,0.0,0.0013122684,0.0,0.0031734454,0.016312413,0.016334357,0.0
0.0,0.004699884,0.0,0.19507858,0.0,0.0,0.026894638,0.0,0.0038092136,0.25034833,0.0,0.0,0.0,0.027972888,0.0,0.0,0.0,0.009715163,0.0058945534,0.04721328,0.019047001,0.0,0.0,0.0,0.0,0.0,0.0,0.0,0.0,0.051682744,0.06430981,0.0,0.0,0.0,0.0,0.0,0.0,0.04098945,0.041617192,0.028102107,0.029517135,0.0,0.0,0.054615494,0.0,0.0,0.001393904,0.0,0.0035034139,0.016659196,0.016797962,0.0
0.0,0.0079059135,0.0,0.19522657,0.0,0.0,0.030183252,0.0,0.007030219,0.24994446,0.0,0.0,0.0,0.031239593,0.0,0.0,0.0,0.009230593,0.0054319995,0.046075452,0.019374304,0.0,0.0,0.0,0.0,0.0,0.00032215565,0.0,0.0,0.051126897,0.06364281,0.0,0.0,0.0,0.00033073127,0.0,0.0,0.03924667,0.04015986,0.02841295,0.029826216,0.0,0.0,0.054694735,0.0,0.0,0.0015975325,0.0,0.0036707353,0.017262926,0.017277945,0.0
0.0,0.011326179,0.0,0.19469945,0.0,0.0,0.032000497,0.0,0.010461511,0.24895595,0.0,0.0,0.0,0.03302837,0.0,0.0,0.0,0.008434186,0.004500475,0.042401284,0.01938792,0.0,0.0,0.0,0.0,0.0,0.0010349415,0.0,0.0,0.04998734,0.06230743,0.0,0.0,0.0,0.00093227904,0.0,0.0,0.036764495,0.03803809,0.027709609,0.02909166,0.0,0.0,0.054213703,0.0,0.0,0.0018711975,0.0,0.003245809,0.016691241,0.016306583,0.0
0.0,0.013790492,0.0,0.19478253,0.0,0.0,0.032506716,0.0,0.012925321,0.24874665,0.0,0.0,0.0,0.03351996,0.0,0.0,0.0,0.0077305348,0.0034296773,0.038276605,0.019795626,0.0,0.0,0.0,0.0,0.0,0.0016317703,0.0,0.0,0.04867099,0.06087372,0.0,0.0,0.0,0.0014123954,0.0,0.0,0.03431384,0.035922967,0.026629405,0.028051697,0.0,0.0,0.053564705,0.0,0.0,0.0022529857,0.0,0.002462306,0.015402423,0.014623263,0.0
0.0,0.014491871,0.0,0.19552492,0.0,0.0,0.03277657,0.0,0.013619451,0.24953765,0.0,0.0,0.0,0.03380242,0.0,0.0,0.0,0.0069965404,0.0024764584,0.034082815,0.020132829,0.0,0.0,0.0,0.0,0.0,0.0026331805,0.0,0.0,0.04742576,0.059675716,0.0,0.0,0.0,0.0018984098,0.0,0.0,0.031937122,0.033825673,0.025384791,0.026923984,0.0,0.0,0.05285339,0.0,0.0,0.0026183398,0.0,0.0016936874,0.0143180955,0.013318445,0.0
0.0,0.014447822,0.0,0.19529805,0.0,0.0,0.032370724,0.0,0.013570861,0.24991742,0.0,0.0,0.0,0.033447,0.0,0.0,0.0,0.006356374,0.001616748,0.030640759,0.020004172,0.0,0.0,0.0,0.0,0.0,0.0034415014,0.0,0.0,0.04670716,0.059145384,0.0,0.0,0.0,0.0023178356,0.0,0.0,0.030903948,0.033026904,0.024772346,0.0264946,0.0,0.0,0.051918305,0.0,0.0,0.002900186,0.0,0.0009597689,0.013940167,0.012940744,0.0
0.0,0.0142149525,0.0,0.19415846,0.0,0.0,0.031107847,0.0,0.013341474,0.24959688,0.0,0.0,0.0,0.03227223,0.0,0.0,0.0,0.006511258,0.0011573173,0.029016092,0.019480191,0.0,0.0,0.0,0.0,0.0,0.0038182028,0.0,0.0,0.046950184,0.059686936,0.0,0.0,0.0,0.0024704756,0.0,0.0,0.031627074,0.033877555,0.025010211,0.026913002,0.0,0.0,0.05124738,0.0,0.0,0.002961753,0.0,0.00039652735,0.013859908,0.012960415,0.0
0.0,0.013709865,0.0,0.1936481,0.0,0.0,0.028846268,0.0,0.012833364,0.24986425,0.0,0.0,0.0,0.030115578,0.0,0.0,0.0,0.007936711,0.0016863346,0.0305577,0.019231949,0.0,0.0,0.0,0.0,0.0,0.0034308173,0.0,0.0,0.048541956,0.06173911,0.0,0.0,0.0,0.00204203,0.0,0.0,0.034434434,0.03659703,0.026115373,0.02816626,0.0,0.0,0.051411983,0.0,0.0,0.002669667,0.0,0.00036200508,0.013789127,0.013206877,0.0
0.0,0.0127825495,0.0,0.19378577,0.0,0.0,0.027325943,0.0,0.011911842,0.2502818,0.0,0.0,0.0,0.028697083,0.0,0.0,0.0,0.009214751,0.003097726,0.03421419,0.019658234,0.0,0.0,0.0,0.0,0.0,0.003341332,0.0,0.0,0.05022769,0.06390971,0.0,0.0,0.0,0.0017072326,0.0,0.0,0.03675793,0.038681813,0.027232122,0.02938332,0.0,0.0,0.052088194,0.0,0.0,0.0022776742,0.0,0.0012189327,0.014738029,0.0147870965,0.0
0.0,0.011611838,0.0,0.19438958,0.0,0.0,0.027185647,0.0,0.01075072,0.2507761,0.0,0.0,0.0,0.028663117,0.0,0.0,0.0,0.008686464,0.0044518765,0.03670659,0.02018114,0.0,0.0,0.0,0.0,0.0,0.0044934787,0.0,0.0,0.05079196,0.064797334,0.0,0.0,0.0,0.0020034267,0.0,0.0,0.036620475,0.038340885,0.02722362,0.029298892,0.0,0.0,0.052412946,0.0,0.0,0.002081748,0.0,0.002065003,0.015350085,0.015977196,0.0
0.0,0.011602653,0.0,0.19506001,0.0,0.0,0.027644316,0.0,0.010766144,0.25118786,0.0,0.0,0.0,0.0291858,0.0,0.0,0.0,0.0070360703,0.0046168044,0.0364409,0.020398825,0.0,0.0,0.0,0.0,0.0,0.0057079755,0.0,0.0,0.050004184,0.06413594,0.0,0.0,0.00048996694,0.0028316826,0.0,0.0,0.035276815,0.037072845,0.026914604,0.028876537,0.0,0.0,0.052007884,0.0,0.0,0.0022041872,0.0,0.0023028105,0.015215412,0.016113756,0.0
0.0,0.012362728,0.0,0.19592963,0.0,0.0,0.028070329,0.0,0.0115616415,0.25187477,0.0,0.0,0.0,0.029607758,0.0,0.0,0.0,0.007345419,0.0038382476,0.035258323,0.019542247,0.0,0.0,0.0,0.0,0.0,0.0061366707,0.0,0.0,0.049914766,0.064145364,0.0,0.0,0.0008194223,0.003510436,0.0,0.0,0.037459027,0.039540827,0.02840033,0.03044913,0.0,0.0,0.051324736,0.0,0.0,0.002243857,0.0,0.0021292912,0.014628329,0.015501523,0.0
0.0,0.012900763,0.0,0.19751896,0.0,0.0,0.028083073,0.0,0.01212587,0.25368592,0.0,0.0,0.0,0.02959565,0.0,0.0,2.7036527e-05,0.010376758,0.0036104722,0.037743196,0.018423857,0.0,0.0,0.0,0.0,0.0,0.0064191073,0.0,0.0,0.05251336,0.06709127,0.0,0.0,0.0,0.0036570644,0.0,0.0,0.04430125,0.04652638,0.032311242,0.034664366,0.0,0.0,0.051525418,0.0,0.0,0.002078561,0.0,0.0022872742,0.014647699,0.015581317,0.0
0.0,0.013315176,0.0,0.19870973,0.0,0.0,0.028281944,0.0,0.012559494,0.25543836,0.0,0.0,0.0,0.029796647,0.00053399755,0.0,0.0009981855,0.016443836,0.004893462,0.047197882,0.018017463,0.0,0.0,0.0,0.0,0.0,0.007358033,0.0,0.0,0.05841527,0.07367074,0.0,0.0,0.0,0.003269271,0.0,0.0,0.054944314,0.056996405,0.038474146,0.041226238,0.0,0.0,0.052768916,0.0,0.0,0.0017635813,0.0,0.003249825,0.01629729,0.017501716,0.0
0.0,0.012628254,0.0,0.19869693,0.0,0.0,0.028793328,0.0,0.011869187,0.25629574,0.0,0.0,0.0,0.030302864,0.0037140343,0.0,0.0022958347,0.025636224,0.0080228895,0.06421022,0.018849615,0.0,0.0,0.0,0.0,0.0,0.008541584,0.0,0.0,0.0675397,0.08372009,0.0,0.0,0.0,0.0021762848,0.0,0.0,0.068382904,0.06989456,0.04651372,0.049600944,0.0,0.0,0.054871164,0.0,0.0,0.0012765639,0.0,0.0049333526,0.019575095,0.021285782,0.0
0.0,0.011122851,0.0,0.19558923,0.0,0.0,0.029347833,0.0,0.010363705,0.25417596,0.0,0.0,0.0,0.030803574,0.008519621,0.0,0.004103869,0.040169094,0.012712752,0.08941771,0.02104552,0.0,0.0,0.0,0.0,0.0,0.008770581,0.0,0.0,0.08001591,0.097354725,0.0,0.0,0.0,0.00018916931,0.0,0.0,0.0869474,0.08762811,0.057694945,0.061137453,0.0,0.0,0.057241477,0.0,0.0,0.00061291084,1.1462718e-05,0.0071883826,0.024575293,0.027035492,0.0
0.0,0.006207444,0.0,0.19000337,0.0,0.0,0.029100783,0.0,0.005429225,0.24957189,0.0,0.0,0.0,0.030462198,0.015036101,0.0,0.0063737445,0.05958523,0.019098641,0.12005998,0.023277536,0.0,0.0,0.0,0.0,0.0,0.008895099,0.0,0.0,0.0959595,0.114644036,0.0,0.0,0.0,0.0,0.0,0.0,0.10998857,0.10941073,0.07106194,0.07481474,0.0,0.0,0.06035281,0.0,0.0,0.0,0.002517159,0.009790939,0.030124841,0.03362944,0.0
0.0,0.0,0.0,0.18503848,0.0,0.0,0.02729845,0.0,0.0,0.24535958,0.0,0.0,0.0,0.028567981,0.022954594,0.0,0.008949054,0.08259483,0.026232682,0.1514294,0.02450424,0.0,0.0,0.0,0.0,0.0,0.009691214,0.0,0.0,0.11462781,0.13491078,0.0,0.0,0.0,0.0,0.0,0.0,0.1351084,0.13294366,0.085287645,0.08936335,0.0,0.0,0.065234676,0.0,0.0,0.0,0.0055233473,0.012926163,0.03525225,0.040236197,0.0
0.0,0.0,0.0,0.18356022,0.0,0.0,0.026024016,0.0,0.0,0.24312758,0.0,0.0,0.0,0.027225088,0.031657115,0.0,0.01143961,0.10836361,0.032541092,0.17894918,0.024110148,0.0,0.0,0.0,0.0,0.0,0.011131778,0.00015144295,0.00057769514,0.13378128,0.1557269,0.0,0.0,0.0,0.0,0.0,0.0,0.16004261,0.15617898,0.09919189,0.103770226,0.0,0.0,0.07225816,0.0,0.0,0.0,0.009593236,0.017260766,0.040200703,0.04707029,0.0
0.0,0.0,0.0,0.1876903,0.0,0.0,0.028353062,0.0,0.0,0.24403763,0.0,0.0,0.0,0.02959314,0.039499156,0.0,0.0132552255,0.13066393,0.036122482,0.1971638,0.023424946,0.0,0.0,0.0,0.0,0.0026411265,0.015984073,0.0038405615,0.004410719,0.14896098,0.17218727,0.0,0.0,0.0,0.0,0.0,0.0,0.17603958,0.17057052,0.108747505,0.11372624,0.0,0.0,0.08021638,0.0,0.0,0.0,0.01403861,0.02212565,0.044079863,0.052544337,0.0
0.0,0.0,0.0,0.19806844,0.0016248003,0.0,0.034410845,0.0,0.0,0.25044814,0.0,0.0018294044,0.0,0.035688408,0.044947583,0.0,0.014234113,0.14601988,0.037271433,0.2081705,0.026969826,0.0,0.0,0.0,0.0,0.011760617,0.023900261,0.006812183,0.0074987,0.15731682,0.18153904,0.0,0.0,0.0,0.0,0.0,0.0,0.17928316,0.1727718,0.112176284,0.117326975,0.0,0.0,0.08654861,0.0,0.0,0.0,0.01735022,0.02609577,0.046892993,0.05622991,0.0
0.0,0.0,0.0,0.20787372,0.0060335994,0.0,0.039063584,0.0,0.0,0.25917023,0.0,0.0062046796,0.0,0.04021874,0.046828438,0.0,0.014109166,0.15301053,0.03817275,0.21607652,0.035780262,0.0,0.0,0.0,0.0,0.017579898,0.029689439,0.00874313,0.009531427,0.15966697,0.1848616,0.0,0.0,0.0,0.0,0.0,0.0,0.1722418,0.16550624,0.11110121,0.116215564,0.0,0.0,0.09099455,0.0,0.0,0.0,0.019419003,0.029036451,0.049316265,0.059298437,0.0
0.0,0.0,0.0,0.21017745,0.006668631,0.0,0.043418024,0.0,0.0,0.2641529,0.0,0.006817892,0.0,0.04438647,0.04687587,0.0,0.013649704,0.15561005,0.039779823,0.22064482,0.04194603,0.0,0.0,0.0,0.0,0.017447103,0.03119086,0.010293265,0.011167299,0.16019623,0.1860353,0.0,0.0,0.0,0.0,0.0,0.0,0.16479737,0.15817943,0.10952711,0.11459981,0.0,0.0,0.095700204,0.0,0.0,0.0,0.020751117,0.031028435,0.048821162,0.05980511,0.0
0.0052433535,0.0,0.0,0.20411907,0.0,0.0,0.04969819,0.002869442,0.0,0.26201248,0.0,0.0,0.0,0.050653126,0.04581192,0.0,0.013570206,0.15191874,0.040379617,0.21183187,0.037525587,0.0,0.0,0.0,0.0,0.019064415,0.034145363,0.01170146,0.01271546,0.15780887,0.18332776,0.0,0.0,0.0,0.0,0.0,0.0,0.15785825,0.15118441,0.105164096,0.11004557,0.0,0.0,0.099243,0.0,0.0,0.0,0.02144495,0.031486057,0.04464238,0.056849558,0.0
0.014766358,0.0,0.0,0.19619855,0.0,0.0,0.05292386,0.012608409,0.0,0.25793386,0.0,0.0,0.0,0.053846493,0.045175016,0.0,0.014127452,0.14574613,0.04029648,0.20135844,0.029005874,0.0,0.0,0.0,0.0,0.022167884,0.037272684,0.012949856,0.01420004,0.15425342,0.1792026,0.0,0.0,0.0,0.0,0.0,0.0,0.15712517,0.15055297,0.102266885,0.106962666,0.0,0.0,0.100415334,0.0,0.0,0.0,0.023018243,0.032418814,0.043595854,0.057219416,0.0
0.01357121,0.0,0.0,0.19591454,0.0,0.0,0.051981732,0.011500895,0.0,0.26176542,0.0,0.0,0.0,0.05271306,0.046071097,0.0,0.015271587,0.1424239,0.04109408,0.20146635,0.024856806,0.0,0.0,0.0,0.0,0.021831185,0.03642072,0.013299517,0.0145947635,0.15256308,0.17753398,0.0,0.0,0.0,0.0,0.0,0.0,0.16389483,0.15744619,0.104034044,0.108415134,0.0,0.0,0.10113324,0.0,0.0,0.0,0.026004652,0.034908455,0.044562913,0.058697123,0.0
0.0027818978,0.0,0.0,0.20466231,0.006541334,0.0,0.049046464,0.0006980896,0.0,0.2744862,0.0,0.00784127,0.0,0.049607806,0.04700807,0.0,0.016868746,0.1396659,0.04159509,0.20675898,0.023894038,0.0,0.0,0.0,0.0,0.018944547,0.033345412,0.012879802,0.0139808925,0.1526075,0.1781668,0.0,0.0,0.0,0.0,0.0,0.0,0.17125681,0.16484207,0.10728209,0.11124147,0.0,0.0,0.10170872,0.0,0.0,0.0,0.028556162,0.036841985,0.042958196,0.05612183,0.0
0.0021759123,0.0,0.0,0.21325733,0.01654743,0.0,0.043049607,0.000113248825,0.0,0.28498954,0.0,0.017544251,0.0,0.04363265,0.04608989,0.0,0.018283369,0.13464946,0.04066231,0.20972309,0.023479482,0.0,0.0,0.0,0.0,0.016739883,0.032019336,0.012861065,0.013765578,0.1529937,0.17927992,0.0,0.0,0.0,0.0,0.0,0.0,0.17380159,0.1676679,0.10807514,0.1117047,0.0,0.0,0.10107395,0.0,0.0,0.0,0.028790532,0.03639853,0.040605575,0.05244921,0.0
0.008748524,0.0,0.0,0.21397601,0.011575811,0.0,0.03408517,0.0067603737,0.0,0.28530967,0.0,0.012179816,0.0,0.034872435,0.044135284,0.0,0.018828463,0.13023816,0.03960078,0.20750615,0.02305722,0.0,0.0,0.0,0.0,0.015947506,0.03303571,0.01381573,0.014683624,0.1537457,0.18025638,0.00014827214,0.0,0.0,0.0,0.0,0.0,0.17213312,0.166462,0.1060801,0.10948075,0.0,0.0,0.099610165,0.0,0.0,0.0,0.026833612,0.034061722,0.040991835,0.052140426,0.0
0.010868177,0.0,0.0,0.20816827,0.0,0.0,0.026787246,0.008928157,0.0,0.27781942,0.0,0.0,0.0,0.027831635,0.042883594,0.0,0.018234577,0.12845911,0.039884005,0.20333481,0.024524726,0.0,0.0,0.0,0.0,0.018497068,0.0371676,0.015288161,0.016225921,0.15393934,0.17991222,0.0017190762,0.0,0.0,0.0,0.0,0.0,0.16797243,0.16258407,0.10303704,0.106303185,0.0,0.0,0.0985215,0.0,0.0,0.0,0.02448162,0.031806257,0.044944998,0.056273572,0.0
0.0030426458,0.0,0.0,0.20379299,0.0,0.0,0.024942268,0.001109682,0.0,0.2723033,0.0,0.0,0.0,0.026160493,0.042157754,0.0,0.01736389,0.12646568,0.04104915,0.2016353,0.02872479,0.0,0.0,0.0,0.0,0.022639047,0.042012136,0.01596158,0.0169348,0.15187916,0.17719431,0.00289491,0.0,0.0,0.0,0.0,0.0,0.16261205,0.15724094,0.10032035,0.10349913,0.0,0.0,0.09775326,0.0,0.0,0.0,0.023231538,0.030851841,0.04856568,0.06046776,0.0
0.0,0.0,0.0,0.20555821,0.0,0.0,0.026325766,0.0,0.0,0.27382368,0.0,0.0,0.0,0.027647,0.040797643,0.0,0.017070336,0.1211908,0.04189613,0.20206615,0.033044197,0.0,0.0,0.0,0.0,0.025989844,0.045276687,0.015601656,0.016504446,0.1479097,0.17304532,0.0033029346,0.0,0.0,0.0,0.0,0.0,0.15654418,0.15125826,0.09736961,0.10045229,0.0,0.0,0.09698227,0.0,0.0,0.0,0.02337722,0.031117119,0.04933291,0.061408285,0.0
0.0065489933,0.0,0.0,0.20944422,0.0020120628,0.0,0.024733208,0.0046292096,0.0,0.27799875,0.0,0.0023692884,0.0,0.02607633,0.039307103,0.0,0.017538512,0.1158618,0.042507097,0.2025303,0.035388574,0.0,0.0,0.0,0.0,0.025988838,0.045283668,0.015162719,0.015981397,0.14548105,0.17090558,0.0034001982,0.0,0.0,0.0,0.0,0.0,0.15365693,0.14871766,0.09521866,0.098259404,0.0,0.0,0.09658672,0.0,0.0,0.0,0.02407125,0.031745754,0.049162436,0.060983494,0.0
0.0029251426,0.0,0.0,0.21334605,0.007838193,0.0,0.022364918,0.0010874346,0.0,0.28216186,0.0,0.007947773,0.0,0.02371058,0.038998023,0.0,0.018250164,0.115149856,0.043646246,0.20213607,0.03654621,0.0,0.0,0.0,0.0,0.023698488,0.043861125,0.015363352,0.016164128,0.14577866,0.17143856,0.0035178866,0.0,0.0,0.0,0.0,0.0,0.15498158,0.15035206,0.093730584,0.09668132,0.0,0.0,0.09679669,0.0,0.0,0.0,0.023961738,0.03146621,0.0488122,0.06010134,0.0
0.0,0.0,0.0,0.21397093,0.007787816,0.0,0.021478646,0.0,0.0,0.2826355,0.0,0.0077679716,0.0,0.022910014,0.039337102,0.0,0.018469593,0.11663802,0.045052014,0.20308205,0.03912481,0.0,0.0,0.0,0.0,0.022956397,0.044047784,0.01585347,0.01667697,0.14648081,0.17207423,0.0035076635,0.0,0.0,0.0,0.0,0.0,0.15671083,0.15219603,0.09255774,0.095460616,0.0,0.0,0.09638846,0.0,0.0,0.00016482535,0.023588544,0.031022327,0.050175697,0.06141277,0.0
0.0,0.0,0.0,0.21331489,0.009722589,0.0,0.021540098,0.0,0.0,0.2821222,0.0,0.009610524,0.0,0.023078892,0.039433062,0.0,0.018347349,0.11728343,0.046301555,0.20471734,0.041942254,0.0,0.0,0.0,0.0,0.023690138,0.04542669,0.015890293,0.016704345,0.1463304,0.17178392,0.0032191714,0.0,0.0,0.0,0.0,0.0,0.15668762,0.152127,0.09099089,0.09380409,0.0,0.0,0.09554964,0.0,0.0,0.0011584605,0.023211278,0.03069131,0.050808683,0.062248237,0.0
0.00062901527,0.0,0.0,0.21059896,0.011303829,0.0,0.018095361,0.0,0.0,0.27941763,0.0,0.011016758,0.0,0.019698754,0.039023787,0.0,0.018398976,0.11698142,0.047288094,0.20596832,0.04433199,0.0,0.0,0.0,0.0,0.024298053,0.04629694,0.01572868,0.016478868,0.14580826,0.17128277,0.0029990245,0.0,0.0,0.0,0.0,0.0,0.15542276,0.15096295,0.08920701,0.09201209,0.0,0.0,0.095096946,0.0,0.0,0.0016411921,0.023742318,0.031289645,0.051647395,0.06343948,0.0
0.010086231,0.0,0.0,0.2076756,0.011748826,0.0,0.012941971,0.008282185,0.0,0.27645943,0.0,0.011340931,0.0,0.014532754,0.039047554,0.0,0.018733915,0.118561864,0.048624076,0.20523515,0.045296386,0.0,0.0,0.0,0.0,0.023884248,0.046553705,0.01568848,0.016388318,0.14616466,0.17168932,0.0031413846,0.0,0.0,0.0,0.0,0.0,0.15532677,0.15095553,0.08745968,0.09019492,0.0,0.0,0.09519528,0.0,0.0,0.0018216686,0.023907494,0.031408627,0.05159942,0.063498996,0.0
0.0113797635,0.0,0.0,0.20504144,0.010268165,0.0,0.009870685,0.00956846,0.0,0.27363095,0.0,0.009902397,0.0,0.011480149,0.03923405,0.0,0.019064536,0.11990145,0.04996087,0.204971,0.047318712,0.0,0.0,0.0,0.0,0.024352606,0.047679983,0.015549938,0.016216574,0.14594965,0.17160258,0.0031472761,0.0,0.0,0.0,0.0,0.0,0.15467447,0.1503517,0.08550235,0.088077545,0.0,0.0,0.09518756,0.0,0.0,0.0027007181,0.0238901,0.031215861,0.05129967,0.06323415,0.0
0.013093747,0.0,0.0,0.20258778,0.010675462,0.0,0.0075447652,0.011202872,0.0,0.2712437,0.0,0.010396579,0.0,0.009182695,0.039002832,0.0,0.019305173,0.119342506,0.05140277,0.20708916,0.051067594,0.0,0.0,0.0,0.0,0.025159419,0.048931696,0.014961649,0.015566948,0.1451083,0.17112793,0.0029727276,0.0,0.0,0.0,0.0,0.0,0.15276071,0.14845465,0.08376542,0.08614716,0.0,0.0,0.094940595,0.0,0.0,0.003979586,0.02413714,0.031305905,0.051352322,0.06338049,0.0
0.0223485,0.0,0.0,0.20127702,0.013146535,0.0,0.0036530476,0.020342335,0.0,0.27005917,0.0,0.012896184,0.0,0.0053060786,0.03804614,0.0,0.019644644,0.11698287,0.052882865,0.20951751,0.05547402,0.0,0.0,0.0,0.0,0.025498692,0.04972945,0.014175925,0.014649527,0.14389758,0.17045683,0.003103897,0.0,0.0,0.0,0.0,0.0,0.14951989,0.14530319,0.08157857,0.08373365,0.0,0.0,0.09503406,0.0,0.0,0.004898189,0.024613366,0.031579018,0.05117496,0.062983565,0.0
0.022706293,0.0,0.0,0.20207849,0.015321017,0.0,0.0005323533,0.020663917,0.0,0.27081132,0.0,0.015096804,0.0,0.0021755272,0.03681764,0.0,0.020096164,0.114482425,0.054436304,0.21101032,0.05965997,0.0,0.0,0.0,0.0,0.02542442,0.050414085,0.013458792,0.01378966,0.1426122,0.16960305,0.0033333432,0.0,0.0,0.0,0.0,0.0,0.14638846,0.14226776,0.07922973,0.08119561,0.0,0.0,0.09501055,0.0,0.0,0.0055397293,0.024837526,0.031573318,0.05126242,0.0626241,0.0
0.0073317364,0.0,0.0,0.20489705,0.018623736,0.0,0.0010425313,0.0053342134,0.0,0.27354628,0.0,0.018418318,0.0,0.0027586552,0.035011355,0.0,0.020244177,0.10839361,0.055121746,0.21050897,0.06339389,0.0,0.0,0.0,0.0,0.02775207,0.05370293,0.012552079,0.012743317,0.13940713,0.16656224,0.0037275292,0.0,0.0,0.0,0.0,0.0,0.14116484,0.13708696,0.07554447,0.07719962,0.0,0.0,0.09331453,0.0,0.0,0.006538014,0.024322774,0.030755742,0.05044402,0.06122364,0.0
0.0,0.0,0.0,0.20677325,0.023952883,0.0,0.002037112,0.0,0.0,0.27513742,0.0,0.023533192,0.0,0.0039271354,0.032810137,0.0,0.020126138,0.09772601,0.05458106,0.20980927,0.06599459,0.0,0.0,0.0,0.0,0.03223435,0.058689542,0.011418782,0.011516354,0.13538948,0.16275556,0.0046010483,0.0,0.0010506096,0.0,0.0,0.0,0.13554698,0.13169347,0.072740555,0.07422605,0.0,0.0,0.09072004,0.0,0.0,0.0076176925,0.024171505,0.030392513,0.050724864,0.06128275,0.0
0.0020435601,0.0,0.0,0.20473379,0.029324953,0.0,0.0,8.27536e-05,0.0,0.27262014,0.0,0.028442392,0.0,0.00094418775,0.03110438,0.0,0.019811783,0.08601703,0.05290465,0.2055298,0.064368874,0.0,0.0,0.0,0.0,0.037433263,0.06424733,0.010676794,0.010750338,0.13273996,0.16017157,0.006542054,0.0,0.00557621,0.0008281665,0.00063553127,0.0,0.13215122,0.12876278,0.071033806,0.072451785,0.0,0.0,0.08846147,0.0,0.0,0.007997941,0.024037655,0.030102056,0.05162331,0.06206818,0.0
0.0072741136,0.0,0.0,0.1987581,0.032646876,0.0,0.0,0.0053653643,0.0,0.26588672,0.0,0.03128668,0.0,0.0,0.031106548,0.0,0.019383248,0.07785259,0.05049729,0.19797465,0.0579391,0.0,0.0,0.0,0.0,0.04219771,0.069277875,0.010605494,0.010776209,0.13308728,0.16016373,0.00864707,0.0,0.0075701717,0.0027916962,0.0014885024,0.0,0.1338407,0.13093203,0.07165213,0.07315771,0.0,0.0,0.08776894,0.0,0.0,0.007813975,0.023585357,0.029564913,0.05257193,0.06308491,0.0
0.0,0.0,0.0,0.19202168,0.035658605,0.0,0.0,0.0,0.0,0.2582591,0.0,0.03405772,0.0,0.0,0.03208743,0.0,0.018570028,0.071303934,0.047259536,0.18957905,0.049538597,0.0,0.0,0.0,0.0,0.047729827,0.07475903,0.010514567,0.010831866,0.13376895,0.15986346,0.009386864,0.0,0.009152102,0.005352894,0.0016008683,0.0,0.13622746,0.13343862,0.07303805,0.07449521,0.0,0.0,0.08743436,0.0,0.0,0.007876176,0.022501674,0.028391086,0.052059572,0.062837765,0.0
0.0,0.0,0.0,0.18318304,0.036247376,0.0,0.0,0.0,0.0,0.24864194,0.0,0.034516342,0.0,0.0,0.032578528,0.0,0.017392159,0.06287853,0.043501426,0.183106,0.043768667,0.0,0.0,0.0,0.0,0.05314052,0.07981989,0.009906488,0.010294688,0.13234632,0.15716252,0.008823353,0.0,0.012074959,0.008541469,0.002265434,0.0,0.13470057,0.1318955,0.07411724,0.075391665,0.0,0.0,0.0870439,0.0,0.0,0.008667021,0.021833934,0.027695473,0.050872356,0.062214345,0.0
0.011049949,0.0,0.0,0.17357776,0.03586129,0.0,0.0,0.009133674,0.0,0.23843554,0.0,0.034013405,0.0,0.0,0.03281772,0.0,0.016225196,0.05713764,0.040944718,0.17709023,0.04135645,0.0,0.0,0.0,0.0,0.054790474,0.081413195,0.009091329,0.0094544515,0.1300605,0.15347178,0.00782859,0.0,0.013913995,0.010707213,0.0027463317,0.0,0.13131572,0.1285052,0.074612364,0.07573776,0.0,0.0,0.08734302,0.0,0.0,0.0096754525,0.021806564,0.027858414,0.050064422,0.061934076,0.0
0.02610559,0.0,0.0,0.16369289,0.033424288,0.0,0.0,0.024108991,0.0,0.22777276,0.0,0.031481482,0.0,0.0,0.033436053,0.0,0.015480736,0.057395503,0.040022302,0.17260027,0.041613407,0.0,0.0,0.0,0.0,0.052211873,0.07912379,0.008488972,0.00879882,0.12813546,0.15017173,0.0064638797,0.0,0.013915457,0.011651256,0.0029753791,0.0,0.13010849,0.12730515,0.07565083,0.07689533,0.0,0.0,0.08897084,0.0,0.0,0.010638319,0.022482954,0.028829169,0.050412446,0.06286311,0.0
0.02658216,0.0,0.0,0.1570472,0.031135164,0.0,0.0,0.02457891,0.0,0.22034022,0.0,0.02920291,0.0,0.0,0.034856755,0.0,0.015353169,0.061712664,0.040206004,0.17267658,0.042995267,0.0,0.0,0.0,0.0,0.04909729,0.07622546,0.008019857,0.008316615,0.12742022,0.14844167,0.0047721555,0.0,0.013124757,0.012334078,0.0026363435,0.0,0.13249445,0.12949294,0.078770936,0.08034031,0.0,0.0,0.09185611,0.0,0.0,0.011484015,0.023431046,0.030007603,0.05122024,0.0643366,0.0
0.02017641,0.0,0.0,0.15366179,0.028641276,0.0,0.0,0.01816535,0.0,0.21673812,0.0,0.026881022,0.0,0.0,0.036381003,0.0,0.015595473,0.06559322,0.04102395,0.17742112,0.04657426,0.0,0.0,0.0,0.0,0.04894522,0.0760421,0.007511958,0.007783092,0.12696259,0.14754087,0.0033734813,0.0,0.013928857,0.013474131,0.0023904333,0.0,0.13378422,0.13039681,0.08145408,0.083164915,0.0,0.0,0.094945796,0.0,0.0,0.012654757,0.02419182,0.030813336,0.051368475,0.06501831,0.0
0.01597789,0.0,0.0,0.15272081,0.026561476,0.0,0.0,0.013906103,0.0,0.21630238,0.0,0.025015188,0.0,0.0,0.037103057,0.0,0.015744843,0.06721383,0.042441897,0.1824162,0.052739672,0.0,0.0,0.0,0.0,0.051123664,0.07821977,0.0067788824,0.0069499784,0.1257948,0.14639261,0.003107707,0.0,0.016511679,0.014586311,0.0023802177,0.0,0.13000192,0.12627915,0.080803625,0.08231589,0.0,0.0,0.09722641,0.0,0.0,0.01424093,0.024478558,0.031070657,0.050789885,0.06449226,0.0
0.01652548,0.0,0.0,0.15405932,0.026774809,0.0,0.0,0.014369123,0.0,0.21839553,0.0,0.02536173,0.0,0.0,0.03707248,0.0,0.015768895,0.0685543,0.044500947,0.18465129,0.060438402,0.0,0.0,0.0,0.0,0.05353647,0.08086566,0.0058029373,0.00580704,0.12435758,0.14526004,0.0037127445,0.0,0.019081715,0.014956416,0.0021828855,0.0,0.12306179,0.119243026,0.07710588,0.07833466,0.0,0.0,0.09897272,0.0,0.0,0.015745739,0.024395524,0.03105764,0.049757965,0.06303577,0.0
0.01851438,0.0,0.0,0.1563706,0.026990622,0.0,0.0,0.016301222,0.0,0.22096793,0.0,0.025642585,0.0,0.0,0.036456503,0.0,0.015731208,0.07017539,0.046595894,0.18424614,0.06784138,0.0,0.0,0.0,0.0,0.055281628,0.082930595,0.004783216,0.004623974,0.1228412,0.14417376,0.004496073,0.0,0.021552112,0.015221913,0.0019921756,0.0,0.1160965,0.11242871,0.07245225,0.07354859,0.0,0.0,0.10034843,0.0,0.0,0.016927313,0.02428568,0.031100288,0.049797993,0.0625056,0.0
0.017382406,0.0,0.0,0.15987344,0.02756962,0.0,0.0,0.015172586,0.0,0.22434096,0.0,0.026299916,0.0,0.0,0.03586836,0.0,0.015801018,0.07263742,0.048492037,0.18277654,0.073642306,0.0,0.0,0.0,0.0,0.056529913,0.08440888,0.0040163584,0.0037469412,0.122131124,0.14406583,0.005193598,0.0,0.023113666,0.015260454,0.0017216036,0.0,0.11171877,0.10832971,0.06845869,0.0695073,0.0,0.0,0.10195029,0.0,0.0,0.017761312,0.02390351,0.030838458,0.050143234,0.06219676,0.0
0.007812597,0.0,0.0,0.1649165,0.030346757,0.0,0.0,0.005680576,0.0,0.22910498,0.0,0.029257301,0.0,0.0,0.035201706,0.0,0.015947253,0.074873984,0.050425276,0.18223609,0.07882832,0.0,0.0,0.0,0.0,0.05777258,0.085582994,0.0034433925,0.0031186938,0.12167248,0.14433086,0.00556066,0.0,0.024276536,0.015167132,0.0013163466,0.0,0.108747795,0.105558105,0.06461228,0.06549946,0.0,0.0,0.10323545,0.0,0.0,0.018547673,0.023111604,0.030019501,0.050266236,0.061678246,0.0
0.0035202801,0.0,0.0,0.16828486,0.03352741,0.0,0.0,0.001467377,0.0,0.2323642,0.0,0.032633703,0.0,0.0,0.034554042,0.0,0.016194154,0.077683516,0.052753508,0.18455224,0.084798805,0.0,0.0,0.0,0.0,0.057180412,0.08485447,0.0032813335,0.002957256,0.12164818,0.14514628,0.005855094,0.0,0.024607258,0.014284923,0.0014691164,0.0,0.1083488,0.10536423,0.061641164,0.062398635,0.0,0.0,0.10343573,0.0,0.0,0.0193308,0.02249429,0.029306956,0.051165093,0.06231372,0.0
0.0013502315,0.0,0.0,0.17035738,0.03996242,0.0,0.0,0.0,0.0,0.23405585,0.0,0.03915126,0.0,0.0,0.035170943,0.0,0.016758367,0.08544625,0.056354783,0.1905522,0.09021,0.0,0.0,0.0,0.0,0.053948667,0.08159828,0.0037934969,0.0035604115,0.12400454,0.14845365,0.006149305,0.0,0.022095585,0.011835752,0.0014237196,0.0,0.113802515,0.11095174,0.06119777,0.062087897,0.0,0.0,0.10352352,0.0,0.0,0.019462073,0.02243569,0.029184293,0.05259964,0.063830726,0.0
0.0,0.0,0.0,0.16920471,0.046283647,0.0,0.0,0.0,0.0,0.23199199,0.0,0.045448884,0.0,0.0,0.038238265,0.0,0.017958943,0.1020646,0.061726693,0.20485154,0.094721995,0.0,0.0,0.0,0.0,0.04757186,0.07490055,0.005459701,0.005478642,0.13070327,0.15629232,0.0060386457,0.0,0.016408963,0.007828951,0.0013828718,0.0,0.12968802,0.12674825,0.066220745,0.06771273,0.0,0.0,0.104474306,0.0,0.0,0.018914096,0.02386392,0.030510444,0.05663141,0.06864592,0.0
0.0,0.0,0.0,0.162644,0.049870234,0.0,0.0,0.0,0.0,0.22399673,0.0,0.048998445,0.0,0.0,0.044372708,0.0,0.01967227,0.12704226,0.06815125,0.22734968,0.09673832,0.0,0.0,0.0,0.0,0.040586337,0.06710781,0.008431248,0.008821293,0.1422104,0.1689633,0.005638213,0.0,0.008254496,0.003063025,0.0012877733,0.0,0.1548844,0.15147087,0.0772295,0.07964374,0.0,0.0,0.10691035,0.0,0.0,0.017467529,0.026706131,0.033045325,0.062046327,0.07523129,0.0
0.0,0.0,0.0,0.14749092,0.045275733,0.0,0.0,0.0,0.0,0.20740882,0.0,0.044442743,0.0,0.0,0.05248569,0.0,0.020869464,0.15518275,0.07254024,0.25054505,0.09413954,0.0,0.0,0.0,0.0,0.03464388,0.059580974,0.011989614,0.012737572,0.15504979,0.18227299,0.004442377,0.0,1.7706305e-05,0.0,0.001309217,0.0,0.18228811,0.17809473,0.092090115,0.09557563,0.0,0.0,0.10888634,0.0,0.0,0.015297681,0.030002799,0.03593932,0.0679145,0.0822223,0.0
0.009727247,0.0,0.0,0.12532134,0.031234453,0.00080819335,0.0,0.007747572,0.0,0.18427303,0.0,0.030352274,0.0012702094,0.0,0.061672673,0.0,0.021099746,0.18309239,0.072259024,0.26480466,0.08540188,0.0,0.0,0.0,0.0,0.030568901,0.052757043,0.015349088,0.016306205,0.16682966,0.19357494,0.0024938043,0.0,0.0,0.0,0.0014869338,0.0,0.20575859,0.20080277,0.10829533,0.11294973,0.0,0.0,0.10982885,0.0,0.0,0.012291681,0.032705076,0.038433537,0.07200579,0.0868434,0.0
0.02313282,0.0,0.0,0.109751284,0.015567462,0.00035482086,0.0,0.020882037,0.0,0.16814527,0.0,0.014566831,0.00088205375,0.0,0.07171711,0.0,0.020576648,0.20924336,0.068435,0.26730362,0.0717118,0.0,0.0,0.0,0.0,0.029143918,0.0473934,0.017901126,0.018932234,0.17718261,0.20284735,0.0007650405,0.0,0.0,0.0,0.00059249066,0.0,0.22253771,0.2168541,0.12424299,0.13013244,0.0,0.0,0.110854276,0.0,0.0,0.009082833,0.03412805,0.0400932,0.07455417,0.08908867,0.0
0.037013177,0.0,0.0,0.102090284,0.0,0.0,0.0,0.034502607,0.0,0.16113177,0.0,0.0,0.0,0.0,0.081818685,0.0,0.019668942,0.23020075,0.06304523,0.26060876,0.05853497,0.0,0.0,0.0,0.0,0.028860472,0.042902015,0.019879408,0.020919338,0.18560468,0.2100864,2.2340566e-05,0.0,0.0,0.0,0.0,0.0,0.23250398,0.22623144,0.13790461,0.14488357,0.0,0.0,0.11210644,0.0,0.0,0.006936376,0.03464618,0.041025557,0.07697462,0.090950996,0.0
0.033482395,0.0,0.0,0.10290639,0.0,0.0,0.0,0.030917682,0.0,0.16391875,0.0,0.0,0.0,0.0,0.08965499,0.0,0.018929975,0.23624659,0.056433238,0.24586955,0.04727429,0.0,0.0,0.0,0.0,0.030216314,0.040643316,0.020951616,0.0219859,0.19030672,0.21353507,0.00046603568,0.0,0.0,0.0025723781,0.0,0.0,0.23450671,0.22766447,0.14696676,0.15436295,0.0,0.0,0.112835474,0.0,0.0,0.0063287006,0.034497373,0.041053127,0.07756708,0.09081214,0.0
0.039420642,0.0,0.0,0.10334526,0.0,0.0,0.0,0.03692921,0.0,0.16612,0.0,0.0,0.0,0.0,0.09356426,0.0,0.019419549,0.22585258,0.049605586,0.23674282,0.04049024,0.0,0.0,0.0,0.0,0.029686164,0.03777736,0.021766115,0.022954527,0.19341522,0.21593392,0.0011711586,0.0,0.0,0.006670613,0.0006914865,0.0,0.23999442,0.23295176,0.15598309,0.1634896,0.0,0.0,0.1126563,0.0,0.0,0.0065792883,0.03523268,0.041530002,0.07962034,0.09298017,0.0
0.047907278,0.0,0.0,0.102454334,0.0,0.0,0.0,0.045611992,0.0,0.16495961,0.0,0.0,0.0,0.0,0.09409088,0.0,0.021112239,0.20300472,0.042352214,0.23352656,0.035092514,0.0,0.0,0.0,0.0,0.02796109,0.035369996,0.022548549,0.023936987,0.19535324,0.217443,0.0018625688,0.0,0.0,0.008368371,0.0016400665,0.0,0.25047496,0.24352951,0.16611865,0.17351088,0.0,0.0,0.11133203,0.0,0.0,0.0061006895,0.036154572,0.041928366,0.0794502,0.09297766,0.0
0.0560781,0.00664106,0.0,0.09881671,0.0,0.0,0.0,0.053981747,0.0061866986,0.15912993,0.0,0.0,0.0,0.0,0.09332896,0.0,0.02319112,0.17829722,0.03539709,0.23666653,0.030691048,0.0,0.0,0.0,0.0,0.023681542,0.031047637,0.02366168,0.02530419,0.1970467,0.21881548,0.0023318287,0.0,0.0,0.0072781444,0.0019376064,0.0,0.26627603,0.25964475,0.17986393,0.18739164,0.0,0.0,0.10923484,0.0,0.0,0.005260248,0.037569232,0.043205604,0.080022976,0.09419848,0.0
0.057456963,0.011698303,0.0,0.095511824,0.0,0.0,0.0,0.0555089,0.011099523,0.15280065,0.0,0.0,0.0,0.0,0.09209353,0.0,0.024674723,0.15533355,0.02836421,0.23879814,0.027850006,0.0,0.0,0.0,0.0,0.017321778,0.024850253,0.024417032,0.026252033,0.19602606,0.21737579,0.0022333562,0.0,0.0,0.0065578334,0.002483015,0.0,0.27958858,0.27330232,0.19313507,0.20060328,0.0,0.0,0.10659077,0.0,0.0,0.004888279,0.03922772,0.045162514,0.0798953,0.09475468,0.0
0.056002967,0.017438158,0.0,0.09296373,0.0,0.0,0.0,0.054151624,0.016727526,0.1472591,0.0,0.0,0.0,0.0,0.090080485,0.0,0.025668897,0.13370608,0.02204507,0.24165225,0.026556134,0.0,0.0,0.0,0.0,0.008479811,0.015971934,0.024602171,0.026673744,0.19244716,0.21367311,0.002002934,0.0,0.0,0.0058782436,0.003146938,0.0,0.28938133,0.28351468,0.20557609,0.21272713,0.0,0.0,0.10405251,0.0,0.0,0.0048689526,0.04131508,0.047726847,0.08054052,0.09627515,0.0
0.06679972,0.029710645,0.0,0.085586525,0.0,0.0,0.0,0.06494564,0.028953865,0.13761151,0.0,0.0,0.0,0.0,0.08950325,0.0,0.026841382,0.12071358,0.017052015,0.2491965,0.025875494,0.0,0.0,0.008129332,0.0017628893,0.0,0.005236525,0.024984453,0.027349148,0.19029705,0.2118716,0.0019072462,0.0,0.0,0.003905327,0.003925277,0.00036992133,0.30374908,0.29852742,0.22060204,0.22758383,0.0,0.0,0.10209956,0.0,0.0,0.0043933936,0.043818854,0.050829366,0.08362579,0.10020174,0.0
0.06785013,0.038810097,0.0,0.07851301,0.0,0.0,0.0,0.06601558,0.03798282,0.12922749,0.0,0.0,0.0,0.0,0.091545105,0.0,0.028043915,0.11876898,0.012837661,0.25766897,0.02345971,0.0,0.0,0.017493883,0.009928105,0.0,0.0,0.02514681,0.027761001,0.19005549,0.21197185,0.00081649143,0.0,0.0,0.0012964457,0.0032312637,3.858283e-05,0.32201326,0.3174144,0.23763442,0.24454875,0.0,0.0,0.10077657,0.0,0.0,0.0032721735,0.045188453,0.05298186,0.086137,0.10260889,0.0
0.06391807,0.045068447,0.0,0.07410505,0.0,0.0,0.0,0.06216399,0.04417797,0.12430793,0.0,0.0,0.0,0.0,0.095519885,0.0,0.028882323,0.12443852,0.00966084,0.26487422,0.020524938,0.0,0.0,0.021587744,0.013469182,0.0,0.0,0.024984999,0.027725935,0.19106047,0.21316001,0.0,0.0,0.0,0.0,0.0019905819,0.0,0.3383407,0.3340817,0.25222266,0.2591228,0.0,0.0,0.099851124,0.0,0.0,0.0020377953,0.04542664,0.0540126,0.087622315,0.10365719,0.0
0.053908803,0.044674654,0.0,0.07413669,0.0,0.0,0.0,0.052316427,0.043720532,0.12495235,0.0,0.0,0.0,0.0,0.0991801,0.0,0.028841224,0.13103034,0.008057956,0.26550192,0.01833855,0.0,0.0,0.017904315,0.009180024,0.0,0.0,0.024323368,0.026981568,0.19074535,0.21277983,0.00021778885,0.0,0.0,0.0,0.0005653631,0.0,0.3413133,0.33684477,0.2561968,0.26253384,0.0,0.0,0.09888299,0.0,0.0,0.0009252783,0.044165224,0.053278025,0.08571387,0.100922175,0.0
0.04377713,0.03843426,0.0,0.077240095,0.0,0.0,0.0,0.04228939,0.037439205,0.13019037,0.0,0.0,0.0,0.0,0.10104176,0.0,0.02831271,0.13904995,0.009371348,0.26370838,0.018934421,0.0,0.0,0.010406747,0.0014715753,0.0,0.0048106737,0.023644183,0.026124509,0.1902011,0.21225846,0.0019264575,0.0,0.0,0.0,0.0,0.0,0.332086,0.3270824,0.24959566,0.25516304,0.0,0.0,0.09826642,0.0,0.0,0.0,0.04253387,0.051845096,0.08362637,0.098212466,0.0
0.043356627,0.031174961,0.0,0.07706861,0.0,0.0,0.0,0.041787095,0.030196577,0.13308087,0.0,0.0,0.0,0.0,0.10243161,0.0,0.028086558,0.15387657,0.012821127,0.26347604,0.021589402,0.0,0.0,0.0032276623,0.0,0.0066536684,0.013619684,0.023480326,0.025695387,0.19188444,0.21421586,0.003662264,0.0,0.0,0.0,0.0,0.0,0.32149243,0.31594557,0.23852842,0.2436851,0.0,0.0,0.09892526,0.0,0.0,0.0,0.041237283,0.05038427,0.08115176,0.094939075,0.0
0.03853958,0.020410627,0.0,0.076272465,0.0,0.0,0.0,0.036811665,0.019462526,0.13508362,0.0,0.0,0.0,0.0,0.10407801,0.0,0.027917873,0.173357,0.016883194,0.2619359,0.023564393,0.0,0.0,0.0,0.0,0.013108358,0.020693142,0.023342889,0.025234,0.19511414,0.21777621,0.004037616,0.0,0.0,0.0,0.0,0.0,0.3117354,0.30570418,0.22662881,0.23173568,0.0,0.0,0.101246834,0.0,0.0,0.0,0.040343948,0.04906702,0.07694375,0.08927617,0.0
0.033783197,0.011645976,0.0,0.0752786,0.0,0.0,0.0,0.03190963,0.010796598,0.13605413,0.0,0.0,0.0,0.0,0.10484344,0.0,0.026878705,0.18818048,0.01999424,0.25514632,0.02532961,0.0,0.0,0.0,0.0,0.021335023,0.028916677,0.022764757,0.024240945,0.19693136,0.21963,0.003967002,0.0,0.0,0.0,0.0,0.0,0.29665682,0.29011524,0.21249768,0.21742532,0.0,0.0,0.103291124,0.0,0.0,0.0,0.03943963,0.047538906,0.07213893,0.08258591,0.0
0.028259665,0.0048284736,0.0,0.077204354,0.0,0.0,0.0,0.026245616,0.0040934402,0.13960806,0.0,0.0,0.0,0.0,0.102778,0.0,0.02519627,0.1919209,0.022879642,0.24486315,0.028464383,0.0,0.0,0.0,0.0,0.031611267,0.039259028,0.021580141,0.022630274,0.19545653,0.21809424,0.004318284,0.0,0.0,0.0003559012,0.0,0.0,0.27309215,0.26602203,0.19464424,0.19865447,0.0,0.0,0.104328305,0.0,0.0,0.0,0.037337054,0.04468392,0.0664976,0.07478094,0.0
0.02545128,0.00013009086,0.0,0.08356803,0.0,0.0,0.0,0.023247108,0.0,0.14645669,0.0,0.0,0.0,0.0,0.09645593,0.0,0.02381393,0.18237257,0.025681693,0.23743592,0.032809533,0.0,0.0,0.0,0.0,0.043139424,0.051482912,0.0199491,0.020634418,0.19044703,0.21334167,0.005422838,0.0,0.0,0.0032246155,0.0,0.0,0.24570581,0.23833622,0.17586997,0.17849301,0.0,0.0,0.1044177,0.0,0.0,0.00010553538,0.034580886,0.041031584,0.06238592,0.068531655,0.0
0.027502947,0.0,0.0,0.091772564,0.0,0.0,0.0,0.025059372,0.0,0.15334038,0.0,0.0,0.0,0.0,0.08619088,0.0,0.02273214,0.16139866,0.027972007,0.23206443,0.03495041,0.0,0.0,0.0,0.0,0.057128366,0.0668185,0.018089643,0.018419307,0.18209952,0.20547526,0.007973383,0.0,0.0,0.0052007823,0.0,0.0,0.21706045,0.2097672,0.15725389,0.15831958,0.0,0.0,0.10356809,0.0,0.0,0.00031332826,0.031626716,0.037148185,0.05994712,0.063658886,0.0
0.021159932,0.0,0.0,0.09959885,0.0,0.0,0.0,0.018494055,0.0,0.15824005,0.0,0.0,0.0,0.0,0.07395974,0.0,0.021341786,0.13372108,0.030269485,0.22494502,0.03466307,0.0,0.0,0.0,0.0,0.07176079,0.08231233,0.01596557,0.015948098,0.17095515,0.19458008,0.011726225,0.0,0.0,0.0074301753,0.0,0.0,0.18662499,0.17971742,0.13835484,0.13799493,0.0,0.0,0.10121837,0.0,0.0,0.0,0.029157933,0.034012847,0.06060551,0.061766848,0.0
0.021890678,0.0,0.0,0.101542145,0.0,0.0,0.0,0.01897642,0.0,0.15640265,0.0,0.0,0.0,0.0,0.062365144,0.0,0.019620188,0.10497485,0.03266371,0.2132041,0.036103368,0.0,0.0,0.0,0.0,0.08702527,0.09787602,0.013858141,0.013505174,0.15892485,0.18241952,0.015996814,0.0,0.0054185027,0.011011878,0.0,0.0,0.15466589,0.14849234,0.11860153,0.11710514,0.0,0.0,0.09679532,0.0,0.0,0.0,0.027157027,0.03183401,0.06403188,0.063135,0.0
0.029552966,0.0,0.0,0.09727363,0.0,0.0,0.0,0.02637966,0.0,0.14885417,0.0,0.0,0.0,0.0,0.054023117,0.0,0.0182905,0.08619751,0.035335306,0.19725135,0.04162237,0.0,0.0,0.0,0.0,0.099624604,0.11145178,0.01224828,0.011655603,0.1506948,0.1740003,0.019781996,0.0,0.016049217,0.01577633,0.0,0.0,0.128383,0.12332525,0.10025832,0.09812082,0.0,0.0,0.0919749,0.0,0.0,0.0013820933,0.025354315,0.030504359,0.06793865,0.06564784,0.0
0.029650368,0.005889955,0.0,0.08895302,0.0,0.0,0.0,0.02641159,0.005513139,0.13746443,0.0,0.0,0.0,0.0,0.04897309,0.0,0.017241849,0.0774982,0.036913976,0.1773486,0.049052164,0.0,0.0,0.0,0.0,0.110412836,0.12403867,0.010793027,0.010066297,0.14588815,0.16894498,0.022632804,0.0,0.028166324,0.022930678,0.0,0.0,0.11049442,0.1066879,0.08561359,0.08359878,0.0,0.0,0.0885606,0.0,0.0,0.005083899,0.02398163,0.029949987,0.07106669,0.06854874,0.0
0.026452865,0.014418061,0.003674643,0.07544893,0.0,0.0,0.0,0.023354936,0.0142379785,0.121720806,0.0,0.0,0.0,0.0,0.0472043,0.0,0.016761418,0.07738197,0.03732278,0.16230287,0.056538235,0.0,0.0,0.0,0.0,0.116694644,0.13227391,0.009946222,0.009281479,0.14438409,0.16742387,0.024113283,0.0,0.039438233,0.030434847,0.0027000653,0.0008001807,0.105830446,0.103109024,0.078429624,0.07723406,0.0,0.0,0.08733022,0.0,0.0,0.010248159,0.023703936,0.03026513,0.073685125,0.07276269,0.0
0.01625514,0.017986462,0.006209485,0.061986547,0.0,0.0,0.0,0.013440546,0.017922537,0.10733857,0.0,0.0,0.0,0.0,0.048109084,0.0,0.017248724,0.08413039,0.038267747,0.16198912,0.06293908,0.0,0.0,0.0,0.0,0.1140769,0.13118607,0.010254836,0.009862956,0.14628768,0.16972971,0.023995552,0.0,0.044280842,0.03395824,0.0075854324,0.00543684,0.11440739,0.1121815,0.07972216,0.07951124,0.0,0.0,0.088727064,0.0,0.0,0.015246588,0.024272818,0.030834451,0.074329816,0.075786754,0.0
0.015994217,0.018695798,0.009603973,0.05035408,0.0,0.0,0.0,0.013425391,0.018681526,0.096102215,0.0,0.0,0.0,0.0,0.05075886,0.0,0.018828562,0.09654725,0.04098013,0.17933004,0.06747581,0.0,0.0,0.0,0.0,0.10173599,0.119576946,0.011715926,0.011685027,0.15124893,0.17547998,0.022068713,0.0,0.038987584,0.030559609,0.009413829,0.006807845,0.13200939,0.12975898,0.08784056,0.088421755,0.0,0.0,0.092424095,0.0,0.0,0.018188093,0.025662322,0.03158953,0.07333376,0.076591186,0.0
0.015198361,0.012674183,0.016011417,0.04220421,0.0,0.0,0.0,0.012806512,0.0126129715,0.089473955,0.0,0.0,0.0,0.0,0.055271357,0.0,0.02096934,0.116628416,0.04583756,0.2101892,0.0697842,0.0,0.0,0.0,0.0,0.08091959,0.09858316,0.013905577,0.014180116,0.1594603,0.18445545,0.018644378,0.0,0.023037238,0.02021281,0.0067292172,0.003840153,0.15692443,0.15410149,0.10109646,0.10225725,0.0,0.0,0.096504495,0.0,0.0,0.018017614,0.027353138,0.032318503,0.0714753,0.07520875,0.0
0.017353475,0.0054630386,0.023007518,0.036033444,0.0,0.0,0.0,0.015069572,0.005355037,0.08521942,0.0055660196,0.0,0.0,0.0,0.06153739,0.0,0.022824703,0.14116323,0.05011643,0.24367157,0.06948225,0.0,0.0,0.0,0.0,0.05970736,0.07665564,0.01627083,0.016648974,0.16908127,0.19447324,0.014708258,0.0,0.003740401,0.007999109,0.0018342631,0.0,0.1833298,0.17952174,0.116859995,0.1184822,0.0,0.0,0.099398434,0.0,0.0,0.015614109,0.028851077,0.032837205,0.06975073,0.07292803,0.0
0.019310951,0.00041279197,0.026889633,0.029682487,0.0,0.0,0.0,0.017136224,0.00029369723,0.08071088,0.010071762,0.0,0.0,0.0,0.069360286,0.0,0.023221398,0.1669324,0.051452808,0.2659134,0.0656605,0.0,0.0,0.0,0.0,0.043646265,0.05967661,0.018668503,0.018985808,0.17853555,0.20343913,0.010955598,0.0,0.0,0.0,0.0,0.0,0.2050032,0.19991887,0.13102488,0.13294752,0.0,0.0,0.100372076,0.0,0.0,0.012666872,0.0294893,0.032900386,0.06938496,0.07158746,0.0
0.019126229,0.0,0.024307245,0.026553135,0.0,0.0,0.0,0.017058227,0.0,0.07887685,0.008417835,0.0,0.0,0.0,0.07766625,0.0,0.022056533,0.18753898,0.050227027,0.27000386,0.06024084,0.0,0.0,0.0,0.0,0.036659017,0.051171143,0.020486355,0.020630576,0.18596092,0.20950012,0.0082661575,0.0,0.0,0.0,0.0,0.0,0.2154708,0.20893647,0.13984343,0.14173722,0.0,0.0,0.1000877,0.0,0.0,0.010455886,0.0297384,0.033172037,0.07072943,0.072125055,0.0
0.025934558,0.0,0.01793686,0.026058307,0.0,0.0,0.0,0.023893736,0.0,0.079100884,0.0030026445,0.0,0.0,0.0,0.08451864,0.0,0.020689895,0.20002896,0.04911504,0.26334485,0.057153627,0.0,0.0,0.0,0.0,0.035974257,0.048435394,0.021457009,0.02146642,0.19110718,0.21341684,0.007254105,0.0,0.0,0.0,0.0,0.0,0.21740897,0.20971555,0.14393795,0.1456259,0.0,0.0,0.09970093,0.0,0.0,0.009491873,0.030356105,0.034186445,0.07396425,0.075267196,0.0
0.0367461,0.0029560355,0.013391781,0.025774248,0.0,0.0,0.0,0.03470024,0.0029924186,0.078726195,0.0,0.0,0.0,0.0,0.08748411,0.0,0.020273322,0.20222709,0.048818402,0.25455353,0.056652427,0.0,0.0,0.0,0.0,0.03694887,0.048179097,0.021837749,0.021817774,0.19298062,0.21477488,0.007743748,0.0,0.0,0.0,0.0,0.0,0.21457022,0.2063447,0.1438301,0.14505912,0.0,0.0,0.099749885,0.0,0.0,0.009252029,0.030940942,0.03493872,0.076744705,0.07805461,0.0
0.043324564,0.0074517885,0.011810247,0.023873698,0.0,0.0,0.0,0.041305393,0.0074940985,0.07638032,0.0,0.0,0.0,0.0,0.085802235,0.0,0.020614497,0.19434656,0.048791427,0.24645385,0.05641625,0.0,0.0,0.0,0.0,0.038183145,0.049633216,0.021927144,0.021953834,0.19094075,0.21264341,0.008952817,0.0,0.0,0.0,0.0,0.0,0.20808324,0.19991389,0.13996655,0.14044839,0.0,0.0,0.1002309,0.0,0.0,0.0093165515,0.030752882,0.034381777,0.078159794,0.07896755,0.0
0.04167205,0.010362944,0.0130866505,0.02182807,0.0,0.0,0.0,0.039766736,0.010341497,0.074083,0.0,0.0,0.0,0.0,0.07991724,0.0,0.020772988,0.17660576,0.048911393,0.23739327,0.055587225,0.0,0.0,0.0,0.0,0.0401593,0.05242115,0.021805018,0.021899685,0.18445475,0.20595577,0.010782205,0.0,0.0,0.0,0.0,0.0,0.19654316,0.18876985,0.13223645,0.13184053,0.0,0.0,0.10012168,0.0,0.0,0.009911778,0.030167162,0.033071555,0.0797663,0.07984357,0.0
0.04408336,0.014005386,0.015316347,0.019020673,0.0,0.0,0.0,0.042352628,0.013907919,0.071157105,0.0,0.0,0.0,0.0,0.07152264,0.0,0.020480804,0.1529562,0.049964044,0.22711039,0.055559687,0.0,0.0,0.0,0.0,0.04055532,0.053670906,0.0214061,0.021611856,0.17490649,0.19613948,0.01246159,0.0,0.0,0.0,0.0,0.0,0.18275152,0.17567159,0.12183209,0.120733485,0.0,0.0,0.09887522,0.0,0.0,0.010883566,0.029907208,0.032045264,0.082296066,0.08224166,0.0
0.05045969,0.017945098,0.017997634,0.015438624,0.0,0.0,0.0,0.04899863,0.017772084,0.06726355,0.0,0.0,0.0,0.0,0.06265405,0.0,0.019785624,0.12862435,0.051746413,0.2135391,0.055587314,0.0,0.0,0.0,0.0,0.039388303,0.053547673,0.020695819,0.021077659,0.16400462,0.18498087,0.013776038,0.0,0.0,0.0,0.00037575653,0.0,0.16833434,0.16224018,0.1092782,0.10776445,0.0,0.0,0.09699272,0.0,0.0,0.011985358,0.029817864,0.031399205,0.08439582,0.08483615,0.0
0.055039562,0.021229256,0.02246511,0.0119798705,0.0,0.0,0.0,0.05386059,0.020985719,0.06351936,0.0015408215,0.0,0.0,0.0,0.054945126,0.0,0.018895619,0.10891206,0.053234644,0.19795042,0.055479053,0.0,0.0,0.0,0.0,0.036864012,0.05219698,0.019610263,0.020201188,0.15345699,0.17422874,0.014649187,0.0,0.0,0.0,0.0026626852,0.0,0.15500319,0.14987081,0.09610547,0.09437939,0.0,0.0,0.09640187,0.0,0.0,0.0135658365,0.029688718,0.03099708,0.083482854,0.08469605,0.0
0.043659396,0.018057171,0.02507786,0.014343783,0.0,0.0,0.0,0.042750955,0.017700598,0.06580094,0.0036784534,0.0,0.0,0.0,0.04930388,0.0,0.017866563,0.0944826,0.053056963,0.18177177,0.054114062,0.0,0.0,0.0,0.0,0.03459224,0.050978754,0.018123135,0.018949978,0.1443097,0.16494524,0.015060223,0.0,0.0,0.0,0.0046313917,0.00077056664,0.14337862,0.13887475,0.0848278,0.083030924,0.0,0.0,0.097455174,0.0,0.0,0.015525095,0.02891058,0.03025825,0.078498244,0.08039151,0.0
0.038755894,0.017628862,0.028260492,0.016641986,0.0,0.0,0.0,0.03800727,0.017232452,0.067432955,0.0064132456,0.0,0.0,0.0,0.045755185,0.0,0.016803503,0.083552614,0.050531898,0.16792086,0.052095667,0.0,0.0,0.0,0.0,0.033145558,0.05005792,0.016817031,0.017910633,0.13722774,0.15783569,0.015199767,0.0,0.0012553316,0.0,0.0073436014,0.003441614,0.1353254,0.13134322,0.07780553,0.07616149,0.0,0.0,0.098819055,0.0,0.0,0.017545994,0.028056666,0.029562328,0.072851084,0.07559292,0.0
0.043343343,0.020667259,0.030516969,0.015939899,0.0,0.0,0.0,0.042631768,0.020275306,0.06569023,0.007927763,0.0,0.0,0.0,0.04451155,0.0,0.016125003,0.078779995,0.047628477,0.15919746,0.050331563,0.0,0.0,0.0,0.0,0.031364948,0.048149936,0.015885051,0.017215762,0.1338261,0.15449262,0.014632994,0.0,0.0027682448,0.00048085465,0.009027019,0.0050969087,0.13287696,0.1291964,0.07562404,0.074215874,0.0,0.0,0.10037796,0.0,0.0,0.018742353,0.027014524,0.028784687,0.06738773,0.07059361,0.0
0.052433737,0.026425775,0.032320175,0.013040062,0.0,0.0,0.0,0.05166603,0.026058696,0.061867565,0.009007618,0.0,0.0,0.0,0.044819,0.0,0.01626171,0.08090993,0.045753937,0.15921324,0.049928185,0.0,0.0,0.0,0.0,0.028821878,0.044970334,0.015241374,0.01670253,0.13419402,0.15507896,0.012992429,0.0,0.001068688,0.0,0.008892264,0.005036413,0.13621533,0.13259986,0.07805344,0.07693477,0.0,0.0,0.101782374,0.0,0.0,0.01928531,0.026280688,0.028359165,0.06436067,0.06744227,0.0
0.05612023,0.030536111,0.032352183,0.0103822835,0.0,0.0,0.0,0.055261955,0.030166812,0.059349433,0.008721639,0.0,0.0,0.0,0.046960484,0.0,0.017478922,0.09148337,0.04603466,0.17025502,0.051161498,0.0,0.0,0.0,0.0,0.023509236,0.03915558,0.015090929,0.016596867,0.1389432,0.16032755,0.010682501,0.0,0.0,0.0,0.0068434374,0.0031906639,0.14810091,0.14434907,0.08577697,0.085110806,0.0,0.0,0.10278015,0.0,0.0,0.019311855,0.026239129,0.02869765,0.06473602,0.06745566,0.0
0.055205613,0.032596808,0.032284573,0.007862136,0.0,0.0,0.0,0.054287363,0.03223073,0.05779332,0.008829275,0.0,0.0,0.0,0.052102074,0.0,0.019736461,0.10984605,0.047402166,0.19165918,0.051937588,0.0,0.0,0.0,0.0,0.015576011,0.03128844,0.016173722,0.01769948,0.1489693,0.1711592,0.0089374,0.0,0.0,0.0,0.0043239826,0.00088804215,0.17146894,0.16754682,0.10110733,0.101243034,0.0,0.0,0.10344148,0.0,0.0,0.018570406,0.02744906,0.030275198,0.06939907,0.07205654,0.0
0.05335897,0.033519037,0.034008406,0.0014213473,0.0,0.0,0.0,0.05243047,0.033182938,0.05220629,0.010660775,0.0,0.0,0.0,0.060868874,0.0,0.022306703,0.13393894,0.04791142,0.21721372,0.050588086,0.0,0.0,0.0,0.0,0.007368339,0.023674918,0.018645192,0.020169348,0.16330108,0.18617517,0.0077916775,0.0,0.0,0.0,0.0023362138,0.0,0.20324601,0.19913468,0.1230377,0.12420986,0.0,0.0,0.10441962,0.0,0.0,0.017001867,0.029140998,0.032262966,0.07574716,0.07848199,0.0
0.05987264,0.037209444,0.036846038,0.0,0.0,0.0,0.0,0.058944885,0.036951322,0.04092223,0.012980852,0.0,0.0,0.0,0.071846835,0.0,0.024203159,0.15905146,0.045825355,0.23633234,0.047640286,0.0,0.0,0.0,0.0,0.0036224443,0.020344574,0.021701282,0.023119558,0.1778974,0.2008632,0.006863497,0.0,0.0,0.0,0.0016098227,0.0,0.23261015,0.22818798,0.14581037,0.14793825,0.0,0.0,0.10588639,0.0,0.0,0.015085045,0.029853798,0.0332598,0.079924844,0.08241523,0.0
0.05421366,0.03473791,0.038123824,0.0,0.0,0.0,0.0,0.053341165,0.034509607,0.033494804,0.013828885,0.0,0.0,0.0,0.082990676,0.0,0.025041765,0.18120086,0.041993577,0.2448526,0.044293273,0.0,0.0,0.0,0.0,0.0054166056,0.02139151,0.02415029,0.025419705,0.18924055,0.2117483,0.006474197,0.0,0.0,0.0,0.001575998,0.0,0.25312114,0.24805222,0.16455874,0.16754442,0.0,0.0,0.10667978,0.0,0.0,0.013507621,0.029450484,0.03328555,0.08097996,0.08285234,0.0
0.06059693,0.036924317,0.038753204,0.0,0.0,0.0,0.0,0.059688855,0.036795054,0.02602109,0.0133785345,0.0,0.0,0.0,0.09369936,0.0,0.02530939,0.20001012,0.037928987,0.24515933,0.04181215,0.0,0.0,0.0,0.0,0.010979081,0.024678322,0.026203183,0.027342916,0.19823319,0.22019182,0.0076751504,0.0,0.0,0.0,0.0027474565,0.0,0.26660523,0.26086438,0.17852332,0.18236524,0.0,0.0,0.10736429,0.0,0.0,0.012046472,0.029435243,0.033808544,0.08103271,0.082743555,0.0
0.06392622,0.037804186,0.038806375,0.0,0.0,0.0,0.0,0.06301764,0.037773445,0.020939354,0.012364456,0.0,0.0,0.0,0.103114456,0.0,0.025513604,0.21550983,0.035241365,0.24360225,0.04105276,0.0,0.0,0.0,0.0,0.01552961,0.026600176,0.027728802,0.028782956,0.20552994,0.22711803,0.009038031,0.0,0.0,0.0,0.0034303423,0.0003456846,0.276648,0.27023953,0.18849337,0.19305015,0.0,0.0,0.10918459,0.0,0.0,0.0109298,0.02989813,0.034842055,0.08023403,0.081959546,0.0
0.07192713,0.041817747,0.039290644,0.0,0.0,0.0,0.0,0.0709897,0.04191723,0.013846852,0.011897108,0.0,0.0,0.0,0.11135954,0.0,0.02563081,0.22953546,0.034280777,0.24188378,0.043891437,0.0,0.0,0.0,0.0,0.019006707,0.028184822,0.029002398,0.029950036,0.21161371,0.23286454,0.009555189,0.0,0.0,0.0,0.0035899784,0.00046187267,0.28246024,0.2754944,0.19361907,0.19845852,0.0,0.0,0.1130389,0.0,0.0,0.010760355,0.030161107,0.03558693,0.07853692,0.080138795,0.0
0.073824994,0.044772964,0.038804207,0.0,0.0,0.0,0.0,0.0728113,0.04498082,0.008636456,0.011407677,0.0,0.0,0.0,0.11752215,0.0,0.025535738,0.24170443,0.03513586,0.24128205,0.048613593,0.0,0.0,0.0,0.0,0.020896941,0.029371994,0.029755522,0.030550845,0.21572813,0.23669897,0.009399757,0.0,0.0,0.0,0.0030778423,0.0,0.28329355,0.2757142,0.19369474,0.19822943,0.0,0.0,0.11808665,0.0,0.0,0.011287837,0.029630579,0.03523969,0.07582609,0.07698622,0.0
0.06536251,0.043878615,0.035986096,0.0,0.0,0.0,0.0,0.064235345,0.044149607,0.0073769055,0.00940654,0.0,0.0,0.0,0.12117496,0.0,0.025030093,0.24961418,0.036725163,0.24135414,0.052042536,0.0,0.0,0.0,0.0,0.023594316,0.031966116,0.029889286,0.030487824,0.21781597,0.23841749,0.009236254,0.0,0.0,0.0,0.001809597,0.0,0.2797655,0.27151325,0.19055647,0.19443372,0.0,0.0,0.12278448,0.0,0.0,0.0119102225,0.028537268,0.033926085,0.07401853,0.07444207,0.0
0.06667025,0.04676289,0.035151385,0.0,0.0,0.0,0.0,0.06533887,0.047134638,0.00473696,0.00880647,0.0,0.0,0.0,0.12211487,0.0,0.024140954,0.25156796,0.038588233,0.24083129,0.054472543,0.0,0.0,0.0,0.0,0.028162055,0.037062645,0.02966522,0.029981665,0.21831165,0.238365,0.009183209,0.0,0.0,0.0,0.0004437454,0.0,0.27184364,0.26293218,0.18456814,0.18745013,0.0,0.0,0.12630941,0.00015963987,0.0,0.012264594,0.027302662,0.032227546,0.073545426,0.07322651,0.0
0.06602313,0.048231028,0.039770838,0.0,0.0,0.0,0.0,0.06454768,0.048714966,0.0022664964,0.01350579,0.0,0.0,0.0,0.11914913,0.0,0.022981538,0.24277201,0.041466992,0.23923288,0.056140378,0.0,0.0,0.0,0.0,0.034587614,0.0446297,0.029394027,0.029442493,0.21548873,0.23487327,0.0109038185,0.0,0.0,0.0,0.0,0.0,0.25791347,0.24847585,0.17484674,0.17647064,0.0,0.0,0.12766503,0.0,0.0,0.012394036,0.026662756,0.030969521,0.075286046,0.074313976,0.0
0.07018167,0.050475318,0.050825655,0.0,0.0,0.0,0.0,0.06862208,0.051124156,0.0,0.023834351,0.0,0.0,0.0,0.11157251,0.0,0.021717368,0.22099547,0.045907527,0.2359342,0.058739357,0.0,0.0,0.0,0.0,0.03987717,0.051562604,0.02936996,0.02928029,0.2075541,0.22629365,0.015328733,0.0,0.0,0.0,0.000917539,0.0,0.23819938,0.22866295,0.16084975,0.16110215,0.0,0.0,0.12584907,0.0,0.0,0.01232647,0.027088847,0.030505132,0.079681456,0.078332104,0.0
0.06974572,0.04912601,0.0649253,0.0,0.0,0.0,0.0,0.06828886,0.049916238,0.0,0.03640457,0.0,0.0,0.0,0.100370854,0.0,0.02089845,0.18994455,0.05163447,0.2325989,0.06178338,0.0,0.0,0.0,0.0,0.04109823,0.054758206,0.028973633,0.028977238,0.19522244,0.21365611,0.020641292,0.0,0.0,0.0,0.002951039,0.0,0.21868637,0.20964433,0.14567024,0.14491658,0.0,0.0,0.120844394,0.0,0.0,0.012464251,0.028400442,0.030782558,0.085614495,0.0842831,0.0
0.07432449,0.04796801,0.07378461,0.0,0.0,0.0,0.0,0.07309264,0.048873678,0.0,0.042981844,0.0,0.0,0.0,0.089780904,0.0,0.020926345,0.1623671,0.057656005,0.22662425,0.06580675,0.0,0.0,0.0,0.0,0.0392899,0.05476449,0.027387934,0.02763448,0.18294063,0.20145917,0.022491718,0.0,0.0,0.0,0.004347017,0.000107555185,0.20403469,0.19596717,0.13215995,0.13118917,0.0,0.0,0.115758136,0.0,0.0,0.013381752,0.03012253,0.03193487,0.09031403,0.08969168,0.0
0.06306817,0.039412823,0.06667988,0.0,0.0,0.0,0.0,0.06215697,0.04027484,0.0,0.035147995,0.0,0.0,0.0,0.082096,0.0,0.021893963,0.14673206,0.06255742,0.21640351,0.068178356,0.0,0.0,0.0,0.0,0.0378379,0.054577976,0.024477623,0.025091927,0.17338529,0.19259977,0.01984048,0.0,0.0,0.0,0.0045115296,3.9843842e-05,0.19360429,0.18648538,0.12002657,0.11934536,0.0,0.0,0.11398771,0.0,0.0,0.015071569,0.03073797,0.032758646,0.090047054,0.09043837,0.0
0.06305036,0.038605686,0.048926733,0.0,0.0,0.0,0.0,0.062379602,0.03939869,0.0,0.017523631,0.0,0.0,0.0,0.075829566,0.0,0.02307221,0.13684146,0.064058244,0.20390572,0.068514965,0.0,0.0,0.0,0.0,0.04051841,0.057932906,0.022026747,0.023127578,0.16559295,0.18621108,0.01727971,0.0,0.0,0.0,0.0068596336,0.0020641775,0.18315476,0.1770806,0.10882494,0.10861358,0.0,0.0,0.11615178,0.0,0.0,0.017326096,0.03040016,0.03289285,0.08749042,0.08933798,0.0
0.043092918,0.03166916,0.02600377,0.0,0.0,0.0,0.0,0.04253315,0.032200485,0.010827422,0.0,0.0,0.0,0.0,0.06942635,0.0,0.023535436,0.1287531,0.063832104,0.19332178,0.06901205,0.0,0.0,0.0,0.0,0.045576505,0.063973464,0.019791448,0.021372646,0.15867293,0.18087748,0.0153778065,0.0,0.0,0.0,0.008671286,0.0037413314,0.1699584,0.16437562,0.09669012,0.09667903,0.0,0.0,0.12055208,0.0,0.0,0.020594144,0.027479434,0.030230781,0.08044374,0.08275362,0.0
0.038017597,0.03505978,0.013156142,0.0,0.0,0.0,0.0,0.03734317,0.03540367,0.030512676,0.0,0.0,0.0,0.0,0.06070359,0.0,0.02214538,0.11632483,0.06092181,0.18620819,0.07537226,0.0,0.0,0.0,0.0,0.05179406,0.07166912,0.017956207,0.019754931,0.14972925,0.1726001,0.013894515,0.0,0.008863855,0.0018770574,0.012210346,0.007227796,0.15017667,0.14477786,0.0826484,0.08244249,0.0,0.0,0.12193174,0.0,0.0,0.02609276,0.022860704,0.025523925,0.07479914,0.07744731,0.0
0.030621795,0.038044527,0.011213465,0.0,0.0,0.0,0.0,0.029773274,0.038236506,0.03547284,0.0,0.0,0.0,0.0,0.0508126,0.0,0.01956228,0.10235065,0.056478262,0.17943424,0.08620881,0.0,0.0,0.0,0.0,0.053504962,0.07531685,0.015192062,0.01677813,0.13813823,0.16048752,0.010641409,0.0,0.017802631,0.0073508746,0.014500802,0.009618607,0.12737599,0.12202737,0.06829984,0.06747166,0.0,0.0,0.11974849,0.0,0.0,0.03241978,0.017752692,0.02013997,0.06866705,0.0707551,0.0
0.03211185,0.043052737,0.019277152,0.0,0.0,0.0,0.0,0.031203415,0.043213427,0.024677567,0.0,0.0,0.0,0.0,0.04166293,0.0,0.01698848,0.08748906,0.051234446,0.17043251,0.09534019,0.0,0.0,0.0,0.0,0.05195024,0.07525216,0.012261757,0.013379387,0.12566,0.1467523,0.007890887,0.0,0.023981582,0.012157865,0.01654793,0.011795063,0.10675322,0.10188761,0.05666568,0.055091374,0.0,0.0,0.11404436,0.0,0.0,0.037503053,0.014663126,0.016746413,0.063749894,0.065105714,0.0
0.047030985,0.050418034,0.029921925,0.0,0.0,0.0,0.0,0.04612301,0.050623693,0.0024906844,0.006066665,0.0,0.0,0.0,0.037265595,0.0,0.0155572295,0.080961406,0.04776612,0.16085988,0.09617323,0.0,0.0,0.0,0.0,0.050527535,0.073675744,0.01056576,0.01127068,0.11987521,0.13974744,0.0075131184,0.0,0.023452915,0.012800777,0.016411547,0.011960697,0.09863153,0.09449878,0.0537135,0.05203742,0.0,0.0,0.108801074,0.0,0.0,0.038411975,0.014661062,0.0167705,0.062124252,0.06286761,0.0
0.047376033,0.04868401,0.037575617,0.0,0.0,0.0,0.0,0.046569206,0.048838794,0.0,0.014209518,0.0,0.0,0.0,0.03810075,0.0,0.01574682,0.08841021,0.04770921,0.1580426,0.08867386,0.0,0.0,0.0,0.0,0.04857803,0.06938826,0.010912403,0.011505348,0.12372348,0.14316884,0.008791717,0.0,0.01512849,0.0082554575,0.01291396,0.009050943,0.106598236,0.10294609,0.05945354,0.058239862,0.0,0.0,0.106683806,0.0,0.0,0.035697598,0.016806062,0.019256074,0.063309625,0.06316794,0.0
0.061019633,0.05268515,0.048078805,0.0,0.0,0.0,0.0,0.060313586,0.05288213,0.0,0.024102291,0.0,0.0,0.0,0.04277738,0.0,0.017139582,0.104473054,0.049437463,0.16552378,0.07782858,0.0,0.0,0.0,0.0,0.044550247,0.06198737,0.014141494,0.014896419,0.13550824,0.15551311,0.012088097,0.0,0.0041870903,0.0012820943,0.010258086,0.0068106083,0.12677342,0.123564504,0.07229957,0.0718285,0.0,0.0,0.10662846,0.0,0.0,0.0310645,0.02084764,0.02366006,0.07013858,0.07002991,0.0
0.062030233,0.052625753,0.059813023,0.0,0.0,0.0,0.0,0.061448872,0.052862383,0.0,0.035239197,0.0,0.0,0.0,0.050688718,0.0,0.019048933,0.124440625,0.050441027,0.17864868,0.06316671,0.0,0.0,0.0,0.0,0.035846625,0.049936704,0.01896849,0.020056792,0.1525111,0.17367621,0.015884396,0.0,0.0,0.0,0.007936005,0.0046982467,0.15592697,0.15306294,0.09112494,0.09152436,0.0,0.0,0.1081512,0.0,0.0,0.025482133,0.024768185,0.027724704,0.07787008,0.077992395,0.0
0.07055007,0.057102483,0.070552126,0.0,0.0,0.0,0.0,0.06998286,0.057444084,0.0,0.04470467,0.0,0.0,0.0,0.061210364,0.0,0.020932864,0.14531556,0.048441943,0.19279255,0.047997784,0.0,0.0,0.0,0.0,0.025474124,0.036873013,0.02391059,0.025315464,0.17102101,0.19330138,0.018127915,0.0,0.0,0.0,0.0067249057,0.0034756311,0.18760386,0.18495175,0.114143014,0.11555384,0.0,0.0,0.10945383,0.0,0.0,0.02041553,0.02718953,0.030316178,0.08429101,0.08490726,0.0
0.06383646,0.053853866,0.07213369,0.0,0.0,0.0,0.0,0.06322321,0.05419809,0.0,0.04516326,0.0,0.0,0.0,0.07423009,0.0,0.022544252,0.16917013,0.04536673,0.20604646,0.038389146,0.0,0.0,0.0,0.0,0.01628443,0.026317993,0.027528994,0.02906751,0.18906184,0.21181396,0.017041326,0.0,0.0,0.0,0.004400332,0.0012346595,0.21647722,0.21326846,0.13742054,0.13969839,0.0,0.0,0.11159852,0.0,0.0,0.017264316,0.027323341,0.030891676,0.08582114,0.086275116,0.0
0.06428586,0.051958174,0.06932636,0.0,0.0,0.0,0.0,0.0635645,0.052301854,0.0,0.041391328,0.0,0.0,0.0,0.0871927,0.0,0.02345999,0.19086328,0.041760694,0.21544424,0.036518775,0.0,0.0,0.0,0.0,0.009756971,0.019383004,0.030252283,0.031699926,0.20403565,0.22617796,0.014170259,0.0,0.0,0.0,0.0031538056,0.00010860991,0.23784542,0.23337755,0.15681718,0.1596165,0.0,0.0,0.1137982,0.0,0.0,0.016261514,0.027103929,0.03134771,0.086713895,0.087222025,0.0
0.07350329,0.053195663,0.06894769,0.0,0.0,0.0,0.0,0.072654985,0.053575978,0.0,0.03998355,0.0,0.0,0.0,0.09813839,0.0,0.02409445,0.20618404,0.0386722,0.22059363,0.038478058,0.0,0.0,0.0,0.0,0.0056150965,0.015564993,0.032311782,0.033544008,0.21523649,0.23638225,0.0122414455,0.0,0.0,0.0,0.0034969551,0.0004990101,0.25397313,0.24805585,0.17150155,0.174514,0.0,0.0,0.116579145,0.0,0.0,0.01590034,0.027803019,0.03264641,0.0867126,0.0874635,0.0
0.07746451,0.054396987,0.072035514,0.0,0.0,0.0,0.0,0.076519944,0.054798312,0.0,0.04171831,0.0,0.0,0.0,0.105610386,0.0,0.024765257,0.21364185,0.036361683,0.22559334,0.041084815,0.0,0.0,0.0,0.0,0.002142515,0.013091672,0.033344336,0.03439198,0.22174025,0.24220681,0.011091268,0.0,0.0,0.0,0.0039555673,0.0010014055,0.2673936,0.26030815,0.1827212,0.18586761,0.0,0.0,0.119510755,0.0,0.0,0.015470221,0.028689828,0.0339271,0.08513671,0.08607805,0.0
0.07662322,0.056640644,0.0770857,0.0,0.0,0.0,0.0,0.075576186,0.05706948,0.0,0.04518596,0.0,0.0,0.0,0.1104745,0.0,0.025404073,0.21560094,0.033809803,0.23024538,0.043448687,0.0,0.0,0.0,0.0,0.0006878674,0.012725731,0.033497445,0.034358304,0.22407913,0.24409613,0.009997452,0.0,0.0,0.0,0.004191939,0.0012579393,0.277658,0.26978886,0.19148332,0.19465494,0.0,0.0,0.12144631,0.0,0.0,0.014852522,0.029200172,0.03458801,0.08276048,0.08362933,0.0
0.07124067,0.057615377,0.0823901,0.0,0.0,0.0,0.0,0.07013448,0.058071688,0.0,0.049314596,0.0,0.0,0.0,0.1132115,0.0,0.025725089,0.21288155,0.031029848,0.23231766,0.044619225,0.0,0.0,0.0,0.0,0.0024755895,0.014965709,0.03305084,0.033717714,0.22327387,0.2428357,0.009264521,0.0,0.0,0.0,0.003964005,0.0009528138,0.28249606,0.27413523,0.19672203,0.19967586,0.0,0.0,0.12268785,0.0,0.0,0.014055323,0.029122233,0.03447496,0.07890801,0.07946712,0.0
0.079662226,0.06508975,0.08797255,0.0,0.0,0.0,0.0,0.078496,0.06563016,0.0,0.053963743,0.0,0.0,0.0,0.1135726,0.0,0.025779262,0.20583993,0.028363477,0.23388869,0.044898808,0.0,0.0,0.0,0.0,0.005807031,0.018192565,0.03250738,0.03302844,0.22106394,0.24031466,0.009066898,0.0,0.0,0.0,0.004098095,0.0008269977,0.28421712,0.2757842,0.19963838,0.20230936,0.0,0.0,0.12322432,0.0,0.0,0.01301416,0.029212747,0.034392685,0.076333866,0.0770366,0.0
0.07733103,0.06635784,0.09103657,0.0,0.0,0.0,0.0,0.07617829,0.06690742,0.0,0.056781005,0.0,0.0,0.0,0.11207394,0.0,0.02566132,0.19573629,0.026485845,0.23494929,0.0436356,0.0,0.0,0.0,0.0,0.00860158,0.020956285,0.031641714,0.032088324,0.21797493,0.23720394,0.008907275,0.0,0.0,0.0,0.0036341697,0.00016384479,0.28381318,0.27550077,0.2003476,0.20271191,0.0,0.0,0.12314633,0.0,0.0,0.012041238,0.029021561,0.034021582,0.07342931,0.07402399,0.0
0.07323773,0.06619663,0.09091225,0.0,0.0,0.0,0.0,0.07206327,0.06671644,0.0,0.056507953,0.0,0.0,0.0,0.109301165,0.0,0.025143025,0.18494436,0.024954423,0.23584102,0.042058285,0.0,0.0,0.0,0.0,0.0098820925,0.022453949,0.030521322,0.030941313,0.21486336,0.2341764,0.00815394,0.0,0.0,0.0,0.002752889,0.0,0.2820621,0.27385822,0.19973382,0.20175485,0.0,0.0,0.12252812,0.0,0.0,0.011455327,0.028429039,0.033282243,0.07163446,0.07209781,0.0
0.06241636,0.062730625,0.08983681,0.0,0.0,0.0,0.0,0.061202087,0.06319441,0.0,0.055533037,0.0,0.0,0.0,0.106303155,0.0,0.024383076,0.1745888,0.023495872,0.23570488,0.03993503,0.0,0.0,0.0,0.0,0.011731714,0.024578419,0.029297031,0.029693464,0.21201679,0.23146482,0.007716488,0.0,0.0,0.0,0.0018153787,0.0,0.2789141,0.2707253,0.19828181,0.19985735,0.0,0.0,0.12124129,0.0,0.0,0.011091994,0.027496435,0.032252163,0.0704364,0.07065237,0.0
0.05901932,0.061740935,0.088698186,0.0,0.0,0.0,0.0,0.057715327,0.06217745,0.0,0.054179754,0.0,0.0,0.0,0.10356258,0.0,0.023541255,0.16601607,0.022341684,0.2358534,0.03799073,0.0,0.0,0.0,0.0,0.013162658,0.026129942,0.028306559,0.028702436,0.21006483,0.22968435,0.007710213,0.0,0.0,0.0,0.0009514205,0.0,0.27632302,0.2681704,0.1972662,0.19848466,0.0,0.0,0.11931456,0.0,0.0,0.010488291,0.026755327,0.031465907,0.07052373,0.070828244,0.0
0.06323907,0.06361039,0.0872494,0.0,0.0,0.0,0.0,0.061841052,0.06405453,0.0,0.052354567,0.0,0.0,0.0,0.10158104,0.0,0.022856448,0.16082314,0.02150722,0.23647836,0.03588465,0.0,0.0,0.0,0.0,0.014389709,0.027357459,0.02781501,0.028198708,0.20900041,0.22876278,0.008132643,0.0,0.0,0.0,0.00015665125,0.0,0.27537754,0.2673554,0.1975244,0.19857734,0.0,0.0,0.11703144,0.0,0.0,0.009451085,0.02652953,0.031261604,0.07226372,0.072718106,0.0
0.06356886,0.0630431,0.083323255,0.0,0.0,0.0,0.0,0.062103953,0.06347261,0.0,0.048276886,0.0,0.0,0.0,0.100697964,0.0,0.022413502,0.16045447,0.021478496,0.23674774,0.033977102,0.0,0.0,0.0,0.0,0.0141525995,0.027176134,0.027578266,0.02791122,0.208388,0.22804567,0.008194535,0.0,0.0,0.0,0.0,0.0,0.27580196,0.26773295,0.19805948,0.19899505,0.0,0.0,0.1145263,0.0,0.0,0.008309667,0.026371183,0.031271175,0.07356705,0.07405994,0.0
0.066903114,0.06381902,0.079225555,0.0,0.0,0.0,0.0,0.065362215,0.06425337,0.0,0.044305682,0.0,0.0,0.0,0.100706376,0.0,0.02232631,0.16422856,0.02182766,0.2360631,0.032683343,0.0,0.0,0.0,0.0,0.014149552,0.027245773,0.027390536,0.027626013,0.20778266,0.22717476,0.007867345,0.0,0.0,0.0,0.0,0.0,0.27646542,0.26821074,0.19815323,0.19902164,0.0,0.0,0.11202186,0.0,0.0,0.0072740368,0.026511112,0.031669468,0.07408602,0.07480724,0.0
0.060665872,0.06007012,0.0767581,0.0,0.0,0.0,0.0,0.059085023,0.060481787,0.0,0.042602133,0.0,0.0,0.0,0.10088591,0.0,0.022576515,0.16939473,0.022482855,0.2340168,0.031305805,0.0,0.0,0.0,0.0,0.014789082,0.028003057,0.026973495,0.02711923,0.20659176,0.22583778,0.0076516606,0.0,0.0,0.0,0.0,0.0,0.2753727,0.2668476,0.19655837,0.1973902,0.0,0.0,0.11020906,0.0,0.0,0.0064784926,0.026448613,0.031821623,0.07236249,0.0733135,0.0
0.05906157,0.05836709,0.076394156,0.0,0.0,0.0,0.0,0.057433765,0.05878416,0.0,0.04274354,0.0,0.0,0.0,0.100763336,0.0,0.023026384,0.17430085,0.022719244,0.23163301,0.030219296,0.0,0.0,0.0,0.0,0.015613884,0.028990084,0.026491102,0.02659474,0.20532134,0.22473186,0.007548075,0.0,0.0,0.0,0.0,0.0,0.27331823,0.2647038,0.19411695,0.19510177,0.0,0.0,0.10879746,0.0,0.0,0.005709685,0.026428908,0.031855322,0.07034669,0.07179485,0.0
0.051494956,0.054301657,0.07957629,0.0,0.0,0.0,0.0,0.04987961,0.054717258,0.0,0.046314813,0.0,0.0,0.0,0.10048462,0.0,0.023406254,0.17853498,0.022886962,0.23001555,0.028648948,0.0,0.0,0.0,0.0,0.017808534,0.031227283,0.026000677,0.026096735,0.20438801,0.2241928,0.0079739615,0.0,0.0,0.0,0.0,0.0,0.27061102,0.26205605,0.19116744,0.19242111,0.0,0.0,0.108898886,0.0,0.0,0.00515759,0.026113158,0.031439308,0.067579,0.06918629,0.0
0.052399002,0.054384883,0.0855295,0.0,0.0,0.0,0.0,0.05076062,0.05486018,0.0,0.052116677,0.0,0.0,0.0,0.10072619,0.0,0.023486476,0.18299152,0.02301103,0.22888356,0.027812187,0.0,0.0,0.0,0.0,0.020274218,0.033401363,0.02564584,0.025727917,0.20485386,0.22506747,0.008590003,0.0,0.0,0.0,0.0,0.0,0.2685349,0.26008403,0.18862268,0.19017236,0.0,0.0,0.10969954,0.0,0.0,0.0046795155,0.025879687,0.031119796,0.065366074,0.067153946,0.0
0.051233105,0.053763896,0.091595516,0.0,0.0,0.0,0.0,0.049579654,0.05430728,0.0,0.058233313,0.0,0.0,0.0,0.10139641,0.0,0.02326553,0.18712556,0.023357464,0.22734317,0.02736596,0.0,0.0,0.0,0.0,0.022724288,0.035448115,0.02544643,0.025506256,0.20628062,0.22683266,0.0092354305,0.0,0.0,0.0,0.0,0.0,0.2660625,0.2576359,0.18571362,0.18734974,0.0,0.0,0.11121161,0.0,0.0,0.0042801984,0.025465585,0.030606735,0.06293473,0.06443957,0.0
0.049476646,0.053779684,0.09487248,0.0,0.0,0.0,0.0,0.047779195,0.0543913,0.0,0.06178073,0.0,0.0,0.0,0.102141514,0.0,0.022784892,0.19022202,0.02372605,0.22589214,0.027310103,0.0,0.0,0.0,0.0,0.024541691,0.036753155,0.02548109,0.025514897,0.20820138,0.2289207,0.009722557,0.0,0.0,0.0,0.0,0.0,0.26334962,0.25482047,0.18301922,0.18453538,0.0,0.0,0.11250765,0.0,0.0,0.0040035625,0.024881588,0.029930277,0.06238307,0.06335632,0.0
0.046085194,0.053191416,0.09567015,0.0,0.0,0.0,0.0,0.04432579,0.05385726,0.0,0.062617384,0.0,0.0,0.0,0.1028421,0.0,0.022249643,0.19209737,0.024155105,0.22521813,0.027444115,0.0,0.0,0.0,0.0,0.026066847,0.037781857,0.025700934,0.025673904,0.20982915,0.23043898,0.010046937,0.0,0.0,0.0,0.0,0.0,0.26098037,0.25223675,0.1809164,0.18218654,0.0,0.0,0.11256416,0.0,0.0,0.0039165504,0.024235755,0.02916773,0.06345646,0.063665226,0.0
0.047012795,0.054594085,0.09719257,0.0,0.0,0.0,0.0,0.045169067,0.05532197,0.0,0.06373545,0.0,0.0,0.0,0.103736565,0.0,0.021806061,0.19425994,0.025189936,0.22633785,0.028002992,0.0,0.0,0.0,0.0,0.027470008,0.03865536,0.026022628,0.02589487,0.2115537,0.23184446,0.01055969,0.0,0.0,0.0,0.0,0.0,0.26011324,0.2511056,0.17981204,0.180816,0.0,0.0,0.11216643,0.0,0.0,0.0039143143,0.023841474,0.028726842,0.0654082,0.064870566,0.0
0.055956103,0.059378274,0.09701685,0.0,0.0,0.0,0.0,0.054010868,0.060181633,0.0,0.062898755,0.0,0.0,0.0,0.10441321,0.0,0.021555983,0.1962224,0.02631561,0.22661717,0.028722746,0.0,0.0,0.0,0.0,0.027564,0.038553204,0.02641145,0.026150279,0.21282011,0.23264259,0.010801281,0.0,0.0,0.0,0.0,0.0,0.2595421,0.2503138,0.17901388,0.17971551,0.0,0.0,0.110931076,0.0,0.0,0.0036453083,0.023732208,0.02858438,0.06730736,0.06611241,0.0
0.055413693,0.060755245,0.09339465,0.0,0.0,0.0,0.0,0.053452745,0.06155473,0.0,0.05921091,0.0,0.0,0.0,0.1041357,0.0,0.021620324,0.19706678,0.027339201,0.22578031,0.028080119,0.0,0.0,0.0,0.0,0.026117172,0.037506208,0.02673853,0.026395435,0.21256861,0.23197821,0.010676393,0.0,0.0,0.0,0.0,0.0,0.25858957,0.24920288,0.17780086,0.17816201,0.0,0.0,0.10980566,0.0,0.0,0.003383766,0.023253582,0.02798759,0.06825359,0.06623538,0.0
0.04867159,0.060299054,0.09054669,0.0,0.0,0.0,0.0,0.04675739,0.061047867,0.0,0.05647803,0.0,0.0,0.0,0.10310516,0.0,0.02182027,0.19616047,0.02773295,0.22540903,0.026551373,0.0,0.0,0.0,0.0,0.025421591,0.037395824,0.026693556,0.026312757,0.2110812,0.23020913,0.010200647,0.0,0.0,0.0,0.0,0.0,0.2575274,0.24802971,0.17725983,0.17744288,0.0,0.0,0.10896057,0.0,0.0,0.003389826,0.022528237,0.027151076,0.06908426,0.066408984,0.0
0.045812238,0.06137306,0.09155199,0.0,0.0,0.0,0.0,0.043941814,0.06207701,0.0,0.0568274,0.0,0.0,0.0,0.102050915,0.0,0.022069067,0.19422251,0.027597826,0.22623041,0.02514762,0.0,0.0,0.0,0.0,0.026578926,0.039286047,0.026374217,0.025951713,0.20967552,0.2287355,0.00999536,0.0,0.0,0.0,0.0,0.0,0.25702137,0.24748199,0.17721355,0.17731944,0.0,0.0,0.10867346,0.0,0.0,0.0033454439,0.021650098,0.02611587,0.06842906,0.06521194,0.0
0.046735976,0.063285425,0.094148576,0.0,0.0,0.0,0.0,0.0449111,0.063955985,0.0,0.058319137,0.0,0.0,0.0,0.101298705,0.0,0.022350976,0.19195426,0.02727645,0.22782686,0.02392681,0.0,0.0,0.0,0.0,0.02869287,0.042036153,0.026033437,0.02558447,0.20962442,0.22885768,0.010142316,0.0,0.0,0.0,0.0,0.0,0.25749162,0.2479925,0.17754841,0.17764997,0.0,0.0,0.109137066,0.0,0.0,0.0030163904,0.020750817,0.025090339,0.066874415,0.06339751,0.0
0.04575735,0.06330004,0.096866146,0.0,0.0,0.0,0.0,0.04400541,0.06393425,0.0,0.059995934,0.0,0.0,0.0,0.10035135,0.0,0.022496145,0.18871558,0.026712831,0.22864002,0.022935089,0.0,0.0,0.0,0.0,0.029992264,0.0440191,0.02571486,0.025269791,0.21014586,0.22964126,0.009946068,0.0,0.0,0.0,0.0,0.0,0.2575871,0.2481895,0.17695087,0.17700282,0.0,0.0,0.1096567,0.0,0.0,0.0026411288,0.019829983,0.024063542,0.064919546,0.061431035,0.0
0.046439156,0.063693464,0.10011361,0.0,0.0,0.0,0.0,0.044773113,0.06430779,0.0,0.06244518,0.0,0.0,0.0,0.09860814,0.0,0.02239642,0.18345976,0.025744492,0.22877717,0.02191618,0.0,0.0,0.0,0.0,0.030447382,0.045050815,0.025507476,0.025099482,0.21022731,0.22997734,0.0095596295,0.0,0.0,0.0,0.0,0.0,0.2562682,0.24705814,0.17531836,0.17525575,0.0,0.0,0.11005498,0.0,0.0,0.0023923423,0.019142846,0.023265917,0.06400181,0.060774684,0.0
0.043805707,0.061507713,0.10409671,0.0,0.0,0.0,0.0,0.042217985,0.06209904,0.0,0.06586331,0.0,0.0,0.0,0.096170396,0.0,0.022104336,0.17627856,0.024861835,0.2279342,0.021065362,0.0,0.0,0.0,0.0,0.031036166,0.046015017,0.025261581,0.024889067,0.2090599,0.22899309,0.0094064,0.0,0.0,0.0,0.0,0.0,0.25236604,0.2433191,0.17192677,0.17158726,0.0,0.0,0.109721094,0.0,0.0,0.0023513455,0.018550035,0.022539899,0.06286993,0.059792995,0.0
0.04822282,0.061734125,0.1084264,0.0,0.0,0.0,0.0,0.046624355,0.062335435,0.0,0.06962139,0.0,0.0,0.0,0.09286477,0.0,0.021641172,0.16730258,0.024173893,0.22672991,0.020521019,0.0,0.0,0.0,0.0,0.031050812,0.046159595,0.024999416,0.024686925,0.20677747,0.22686753,0.009649443,0.0,0.0,0.0,0.0,0.0,0.24679345,0.23798583,0.16804513,0.16749248,0.0,0.0,0.10835592,0.0,0.0,0.0022561792,0.018400518,0.022263622,0.063081,0.06042129,0.0
0.038532283,0.054706156,0.11376763,0.0,0.0,0.0,0.0,0.036961496,0.055251233,0.0,0.07509309,0.0,0.0,0.0,0.08892419,0.0,0.021073628,0.157643,0.024263445,0.2250188,0.019325722,0.0,0.0,0.0,0.0,0.030201497,0.045075893,0.024495952,0.024285793,0.20340696,0.2236185,0.010213639,0.0,0.0,0.0,0.0,0.0,0.24002261,0.23135453,0.16346973,0.16284303,0.0,0.0,0.10707398,0.0,0.0,0.0022254768,0.018346092,0.022180771,0.062398642,0.060124137,0.0
0.04069826,0.05343967,0.12218563,0.0,0.0,0.0,0.0,0.039115895,0.053986177,0.0,0.08324625,0.0,0.0,0.0,0.08460295,0.0,0.020178467,0.14762017,0.0238774,0.22240534,0.018739931,0.0,0.0,0.0,0.0,0.028844751,0.04340243,0.02389856,0.023807699,0.19930542,0.21953972,0.010531031,0.0,0.0,0.0,0.0,0.0,0.23324889,0.22486266,0.15922569,0.15878502,0.0,0.0,0.10567079,0.0,0.0,0.002066736,0.01897956,0.0227795,0.0626266,0.06104267,0.0
0.040998444,0.051540196,0.12889531,0.0,0.0,0.0,0.0,0.039438725,0.052070815,0.0,0.08994559,0.0,0.0,0.0,0.08060022,0.0,0.019128554,0.13787845,0.02334908,0.21760434,0.017576236,0.0,0.0,0.0,0.0,0.028090518,0.04243952,0.023467755,0.023487668,0.19493514,0.21509594,0.011373576,0.0,0.0,0.0,0.0,0.0,0.22575226,0.21766977,0.15483317,0.15457606,0.0,0.0,0.10431422,0.0,0.0,0.0015256694,0.019533027,0.023285601,0.061927095,0.06056579,0.0
0.03951566,0.049454037,0.13118827,0.0,0.00072994083,0.0,0.0,0.03796906,0.049955707,0.0,0.092338204,0.0,0.0,0.0,0.07716262,0.0,0.018127093,0.1289447,0.022827394,0.21078742,0.016114013,0.0,0.0,0.0,0.0,0.027547289,0.041741148,0.02313745,0.023261704,0.19062775,0.21058297,0.011957187,0.0,0.0,0.0,0.0,0.0,0.21820451,0.21042404,0.1504748,0.15033454,0.0,0.0,0.10217773,0.0,0.0,0.0008405731,0.019711407,0.023471283,0.06138371,0.05998684,0.0
0.03268382,0.04585672,0.1301811,0.0,0.0077455863,0.0,0.0,0.03113515,0.04630836,0.0,0.09193103,0.006715901,0.0,0.0,0.07454966,0.0,0.017321838,0.12167916,0.022894008,0.20390761,0.014040463,0.0,0.0,0.0,0.0,0.028211031,0.042040844,0.02285205,0.023071505,0.18725318,0.20687245,0.012588896,0.0,0.0,0.0,0.0,0.0,0.21213144,0.20459959,0.14723128,0.14724955,0.0,0.0,0.1001637,0.0,0.0,0.00022733212,0.019718511,0.023688316,0.06145944,0.060112394,0.0
0.024823606,0.04190115,0.12873717,0.0,0.0140106715,0.0,0.0,0.023277462,0.042294603,0.0,0.0911999,0.012894303,0.0,0.0,0.072604686,0.0,0.016660994,0.11642079,0.023479208,0.1984898,0.013036156,0.0,0.0,0.0,0.0,0.029217826,0.042830143,0.022446057,0.02270991,0.18455079,0.20369187,0.012663489,0.0,0.0,0.0,0.0,0.0,0.20764416,0.20027296,0.1443977,0.1444954,0.0,0.0,0.09854175,0.0,0.0,0.0,0.019784065,0.024044191,0.061329324,0.060056753,0.0
0.026719138,0.042414222,0.12896639,0.0,0.015384857,0.0,0.0,0.025160104,0.042798765,0.0,0.09194397,0.014104098,0.0,0.0,0.0712124,0.0,0.016163044,0.112997614,0.024110943,0.19511506,0.013115721,0.0,0.0,0.0,0.0,0.030202188,0.04371418,0.022105638,0.022374392,0.18237974,0.20100959,0.01233699,0.0,0.0,0.0,0.0,0.0,0.20478117,0.19762328,0.14256158,0.14273296,0.0,0.0,0.09711093,0.0,0.0,0.0,0.020423457,0.024898307,0.062249556,0.061146297,0.0
0.026591897,0.041696623,0.12858292,0.0,0.013537481,0.0,0.0,0.025054976,0.042062163,0.0,0.092002556,0.012173645,0.0,0.0,0.070150256,0.0,0.015893063,0.11007434,0.024670068,0.19148129,0.01284853,0.0,0.0,0.0,0.0,0.03128462,0.044952378,0.021820536,0.022056088,0.18000272,0.19808602,0.011918556,0.0,0.0,0.0,0.0,0.0,0.2016213,0.19456217,0.14022627,0.1402061,0.0,0.0,0.09560865,0.0,0.0,0.0,0.020633467,0.025149507,0.0621235,0.0607559,0.0
0.02525577,0.04102458,0.12899809,0.0,0.008567698,0.0,0.0,0.023755059,0.041371576,0.0,0.092926025,0.0071994886,0.0,0.0,0.0691032,0.0,0.015879383,0.10750929,0.025086096,0.1888931,0.011854476,0.0,0.0,0.0,0.0,0.03196393,0.045734994,0.021446114,0.02166954,0.17773089,0.19534032,0.011197336,0.0,0.0,0.0,0.0,0.0,0.19998492,0.19292493,0.13900417,0.13876684,0.0,0.0,0.09404722,0.0,0.0,0.0,0.020613194,0.02512267,0.062451065,0.060924616,0.0
0.021066032,0.039685458,0.1312136,0.0,0.0038430616,0.0,0.0,0.019614197,0.040001288,0.0,0.09569749,0.0024897717,0.0,0.0,0.06817915,0.0,0.015959432,0.10494597,0.025097491,0.18726566,0.010399644,0.0,0.0,0.0,0.0,0.03365218,0.04766134,0.02102087,0.021225682,0.17591302,0.19315015,0.010638001,0.0,0.0,0.0,0.0,0.0,0.1993484,0.1921792,0.13871086,0.13817772,0.0,0.0,0.09283359,0.0,0.0,0.0,0.020036617,0.024507118,0.06217439,0.060363613,0.0
0.019060373,0.039322823,0.13393465,0.0,0.0,0.0,0.0,0.01765702,0.039605137,0.0,0.09862558,0.0,0.0,0.0,0.06708706,0.0,0.016033761,0.10167315,0.02438316,0.18710765,0.009120974,0.0,0.0,0.0,0.0,0.034835286,0.049215905,0.02067396,0.020868076,0.17445755,0.19142929,0.009829824,0.0,0.0,0.0,0.0,0.0,0.19958809,0.1923134,0.13950081,0.13869856,0.0,0.0,0.09169705,0.0,0.0,0.0,0.019294014,0.02363473,0.062302828,0.060224272,0.0
0.025079556,0.04294627,0.13906099,0.0,0.0,0.0,0.0,0.023704648,0.043235116,0.0,0.103481606,0.0,0.0,0.0,0.06583002,0.0,0.016056743,0.09760703,0.023271682,0.18737492,0.008034977,0.0,0.0,0.0,0.0,0.034811668,0.049554903,0.020527344,0.020714987,0.17320618,0.18989152,0.008969508,0.0,0.0,0.0,0.0,0.0,0.20005617,0.19274041,0.14071526,0.13968137,0.0,0.0,0.090615556,0.0,0.0,0.0,0.018897705,0.023022145,0.06321935,0.061067984,0.0
0.030681767,0.045841,0.14272,0.0,0.0,0.0,0.0,0.029342905,0.046126,0.0,0.10665889,0.0,0.0,0.0,0.064283736,0.0,0.01612821,0.092498474,0.022122366,0.18618685,0.0067615192,0.0,0.0,0.0,0.0,0.032799855,0.048070572,0.020478707,0.02067661,0.17133121,0.18772832,0.008009639,0.0,0.0,0.0,0.0,0.0,0.19959779,0.19225742,0.1413577,0.14004736,0.0,0.0,0.08950686,0.0,0.0,0.0,0.018477984,0.022309417,0.0635829,0.06133262,0.0
0.032910667,0.047873754,0.14623997,0.0,0.0,0.0,0.0,0.03160625,0.048147682,0.0,0.109953724,0.0,0.0,0.0,0.06264,0.0,0.01627993,0.08743796,0.02134195,0.18404329,0.0053072833,0.0,0.0,0.0,0.0,0.030526849,0.04631488,0.020336192,0.020579023,0.16873272,0.18487012,0.0072916914,0.0,0.0,0.0,0.0,0.0,0.19872177,0.19136804,0.14167622,0.1401591,0.0,0.0,0.08853331,0.0,0.0,0.0,0.018267004,0.021849355,0.06434696,0.062149063,0.0
0.032554403,0.04871702,0.1501634,0.0,0.0,0.0,0.0,0.03127993,0.048971668,0.0,0.11376746,0.0,0.0,0.0,0.061075754,0.0,0.016532049,0.0828128,0.020800969,0.18167883,0.004524948,0.0,0.0,0.0,0.0,0.02813872,0.04464595,0.020086506,0.02039812,0.1654821,0.18144275,0.0068588033,0.0,0.0,0.0,0.0,0.0,0.19762489,0.19030079,0.14156252,0.13991791,0.0,0.0,0.08769988,0.0,0.0,0.0,0.018176125,0.02152106,0.06500029,0.06296522,0.0
0.034802407,0.051137127,0.15703161,0.0,0.0,0.0,0.0,0.03355506,0.05140199,0.0,0.120329686,0.0,0.0,0.0,0.059612133,0.0,0.016885603,0.0785487,0.020234982,0.17979957,0.0043439697,0.0,0.0,0.0,0.0,0.025993206,0.043165118,0.019813225,0.020212669,0.16195568,0.17781278,0.006882408,0.0,0.0,0.0,0.0,0.0,0.19667935,0.18948078,0.1414299,0.13978916,0.0,0.0,0.08721686,0.0,0.0,0.0,0.018392762,0.021467237,0.065842405,0.06416972,0.0
0.039808653,0.054805413,0.16747972,0.0,0.0,0.0,0.0,0.0385992,0.055118904,0.0,0.13004677,0.0,0.0,0.0,0.058170788,0.0,0.01729414,0.07421938,0.019549564,0.17760037,0.0047758278,0.0,0.0,0.0,0.0,0.023540776,0.04136738,0.0195165,0.020005923,0.1582025,0.1740562,0.0071302904,0.0,0.0,0.0,0.0,0.0,0.19515264,0.18817516,0.14056724,0.13891307,0.0,0.0,0.08703347,0.0,0.0,0.00016565237,0.018674485,0.021362264,0.06588268,0.06447943,0.0
0.03907483,0.055213667,0.17891157,0.0,0.0,0.0,0.0,0.03792394,0.05557021,0.0,0.1406163,0.0,0.0,0.0,0.056790415,0.0,0.017593067,0.0698447,0.018852718,0.17388175,0.004698458,0.0,0.0,0.0,0.0,0.021719541,0.040093847,0.019097844,0.019688154,0.1545582,0.17054257,0.0077341874,0.0,0.0,0.0,0.0,0.0,0.19231127,0.18556558,0.13866904,0.13692288,0.0,0.0,0.08718196,0.0,0.0,0.0005194459,0.018662909,0.020934444,0.0646597,0.06311529,0.0
0.03938768,0.056394592,0.19265051,0.0,0.0,0.0,0.0,0.038278706,0.05682294,0.0,0.15312903,0.0,0.0,0.0,0.055316217,0.0,0.01762635,0.06577488,0.018178452,0.16942227,0.004688829,0.0,0.0,0.0,0.0,0.021502292,0.040150203,0.018555492,0.01922473,0.15122932,0.1672651,0.008425845,0.0,0.0,0.0,0.0,0.0,0.18810526,0.18160333,0.13590153,0.13400418,0.0,0.0,0.08733994,0.0,0.0,0.00084663084,0.0185376,0.02040938,0.06376023,0.061801717,0.0
0.03681811,0.055958394,0.2054926,0.0,0.0,0.0,0.0,0.035744585,0.056443248,0.0,0.16467889,0.0,0.0,0.0,0.05352004,0.0,0.017239336,0.06200246,0.017789574,0.1639301,0.004469699,0.0,0.0,0.0,0.0,0.022512004,0.041272342,0.01785354,0.018553011,0.1481157,0.1639995,0.009191271,0.0,0.0,0.0,0.0,0.0,0.18191808,0.17562398,0.13186532,0.12971655,0.0,0.0,0.08726102,0.0,0.0,0.0010842845,0.01810449,0.019665584,0.06272206,0.05999241,0.0
0.03633824,0.05663245,0.21774024,0.0,0.0,0.0,0.0,0.035297044,0.057179507,0.0,0.1755875,0.0,0.0,0.0,0.051318165,0.0,0.016455917,0.05865585,0.017715849,0.15774813,0.0040762625,0.0,0.0,0.0,0.0,0.024021866,0.04267833,0.017024755,0.017696336,0.14505464,0.16045673,0.009641025,0.0,0.0,0.0,0.0,0.0,0.17438364,0.16829827,0.12694138,0.124540545,0.0,0.0,0.086411156,0.0,0.0,0.0011995629,0.01775156,0.019101607,0.06247285,0.05889276,0.0
0.03238175,0.054772303,0.2253198,0.0,0.0,0.0,0.0,0.031385608,0.055331923,0.0,0.18225467,0.0,0.0,0.0,0.048915967,0.0,0.015360344,0.056024082,0.018121157,0.15028152,0.0029680622,0.0,0.0,0.0,0.0,0.025043957,0.04358656,0.016169956,0.016780708,0.14211924,0.15685156,0.0099909725,0.0,0.0,0.0,0.0,0.0,0.1662307,0.16031995,0.12124251,0.1186205,0.0,0.0,0.0849673,0.0,0.0,0.0009886666,0.017431458,0.0187273,0.061976604,0.05751079,0.0
0.02999518,0.053022042,0.22781442,0.0,0.0,0.0,0.0,0.029038943,0.053560637,0.0,0.18425882,0.0,0.0,0.0,0.046648208,0.0,0.014213622,0.054412432,0.018752743,0.14278199,0.001292251,0.0,0.0,0.0,0.0,0.026138846,0.044553805,0.015385199,0.01592136,0.13958532,0.15363535,0.01025305,0.0,0.0,0.0,0.0,0.0,0.15891385,0.15316944,0.11607263,0.11340763,0.0,0.0,0.0833344,0.0,0.0,0.00044020632,0.017466364,0.018871695,0.061872937,0.056855176,0.0
0.026640922,0.05108814,0.22465444,0.0,0.0,0.0,0.0,0.025725245,0.051556014,0.0,0.18132731,0.0,0.0,0.0,0.044328757,0.0,0.013281092,0.053011082,0.019372176,0.13693222,0.0,0.0,0.0,0.0,0.0,0.027020574,0.0454347,0.014621829,0.015081704,0.13713083,0.15066177,0.010123749,0.0,0.0,0.0,0.0,0.0,0.15258825,0.14696246,0.11162333,0.10900859,0.0,0.0,0.08192911,0.0,0.0,0.0,0.017631587,0.019215139,0.061840992,0.05665962,0.0
0.023555443,0.04985627,0.21719523,0.0,0.0,0.0,0.0,0.022672102,0.050216023,0.0,0.17469913,0.0,0.0,0.0,0.04204186,0.0,0.012691681,0.051152527,0.019751979,0.13293554,0.0,0.0,0.0,0.0,0.0,0.027634328,0.046427883,0.0139761865,0.014370767,0.1348286,0.14809924,0.009820392,0.0,0.0,0.0,0.0,0.0,0.14721173,0.1417105,0.1078684,0.10532141,0.0,0.0,0.0810581,0.0,0.0,0.0,0.017691923,0.019478517,0.061758474,0.056786474,0.0
0.022474281,0.05042493,0.20826349,0.0,0.0,0.0,0.0,0.021624342,0.050666172,0.0,0.16678818,0.0,0.0,0.0,0.039834768,0.0,0.012420541,0.04866942,0.019739488,0.13050453,0.0,0.0,0.0,0.0,0.0,0.02679309,0.04628931,0.013531411,0.013891105,0.13257836,0.14580837,0.009380695,0.0,0.0,0.0,0.0,0.0,0.14293814,0.137665,0.10471827,0.10226065,0.0,0.0,0.080623284,0.0,0.0,0.0,0.01763751,0.019591253,0.062075965,0.057619423,0.0
0.02266188,0.05148983,0.19837257,0.0,0.0,0.0,0.0,0.021854304,0.051617183,0.0,0.15776935,0.0,0.0,0.0,0.037991997,0.0,0.012279854,0.04568938,0.019191355,0.12795272,0.0,0.0,0.0,0.0,0.0,0.025298182,0.045640115,0.013297173,0.013642007,0.13034804,0.14371413,0.009235209,0.0,0.0,0.0,0.0,0.0,0.13917714,0.13428321,0.10189484,0.099528044,0.0,0.0,0.080739096,0.0,0.0,0.00047009997,0.017526377,0.01956518,0.06221895,0.058215097,0.0
0.02555988,0.05334626,0.1897979,0.0,0.0,0.0,0.0,0.02479887,0.053384457,0.0,0.14963908,0.0,0.0,0.0,0.0364837,0.0,0.012126222,0.042924017,0.018395962,0.12553692,0.0,0.0,0.0,0.0,0.0,0.022991769,0.043937158,0.013214526,0.0135704335,0.12825316,0.14178675,0.009065108,0.0,0.0,0.0,0.0,0.0,0.1359349,0.13150966,0.099215135,0.0969446,0.0,0.0,0.08109124,0.0,0.0,0.0009326353,0.017497582,0.019517977,0.062373787,0.058631923,0.0
0.027897492,0.054104034,0.18324882,0.0,0.0,0.0,0.0,0.027179211,0.0540647,0.0,0.14319134,0.0,0.0,0.0,0.03515298,0.0,0.01183095,0.040720835,0.01778914,0.12281914,0.00081630796,0.0,0.0,0.0,0.0,0.020325774,0.041540083,0.013201098,0.013585531,0.12626225,0.13990684,0.008872284,0.0,0.0,0.0,0.0,0.0,0.13236976,0.12835915,0.096010335,0.093756035,0.0,0.0,0.08146492,0.0,0.0,0.001213985,0.017268965,0.019215306,0.06194454,0.05809903,0.0
0.029725298,0.054171696,0.17927146,0.0,0.0,0.0,0.0,0.029044807,0.054065924,0.0,0.139031,0.0,0.0,0.0,0.03391481,0.0,0.011323739,0.039485008,0.017636983,0.11978191,0.0018278752,0.0,0.0,0.0,0.0,0.017704858,0.03882841,0.01323317,0.013651893,0.12442677,0.13811943,0.008922563,0.0,0.0,0.0,0.0,0.0,0.128656,0.124965504,0.09247722,0.09021784,0.0,0.0,0.08181219,0.0,0.0,0.0012282482,0.016896406,0.018786691,0.06128367,0.057077974,0.0
0.029132262,0.05340369,0.1771136,0.0,0.0,0.0,0.0,0.02849862,0.053242136,0.0,0.13666624,0.0,0.0,0.0,0.03281318,0.0,0.010686234,0.03912624,0.017923033,0.116768636,0.0025812807,0.0,0.0,0.0,0.0,0.015785579,0.036437575,0.013244888,0.01368878,0.122695774,0.13641675,0.009280779,0.0,0.0,0.0,0.0,0.0,0.12518513,0.12169893,0.08916567,0.08691268,0.0,0.0,0.082073644,0.0,0.0,0.001053011,0.016574347,0.018437907,0.060635593,0.055954237,0.0
0.026765794,0.05214908,0.17575456,0.0,0.0,0.0,0.0,0.026188597,0.05195072,0.0,0.13520788,0.0,0.0,0.0,0.03191474,0.0,0.010064386,0.039034694,0.018420475,0.113872126,0.0027675778,0.0,0.0,0.0,0.0,0.015379028,0.03526979,0.013234373,0.0136906,0.12117411,0.13496095,0.009913309,0.0,0.0,0.0,0.0,0.0,0.12194308,0.11858401,0.08633967,0.08408889,0.0,0.0,0.08242635,0.0,0.0,0.000721687,0.016437626,0.018300336,0.06004267,0.054859623,0.0
0.024751276,0.051090896,0.1740465,0.0,0.0,0.0,0.0,0.024228022,0.05086494,0.0,0.13350688,0.0,0.0,0.0,0.031087264,0.0,0.009505505,0.038880564,0.01924969,0.11104967,0.0030384716,0.0,0.0,0.0,0.0,0.015969766,0.0351254,0.013199251,0.013658092,0.119855866,0.13371322,0.010663694,0.0,0.0,0.0,0.0,0.0,0.11847163,0.1151992,0.083411075,0.08112564,0.0,0.0,0.08259905,0.0,0.0,0.0003725672,0.016235089,0.018163279,0.059326276,0.05378811,0.0
0.021593153,0.049786314,0.17118812,0.0,0.0,0.0,0.0,0.021118507,0.04952763,0.0,0.13088386,0.0,0.0,0.0,0.030134708,0.0,0.0090384,0.038374934,0.020067208,0.10771528,0.003258394,0.0,0.0,0.0,0.0,0.017005825,0.035539933,0.013018791,0.013461335,0.11824787,0.13214761,0.011314666,0.0,0.0,0.0,0.0,0.0,0.114394486,0.111245304,0.080114454,0.07777334,0.0,0.0,0.08247329,0.0,0.0,0.00013441266,0.015818097,0.01783916,0.058456056,0.05266024,0.0
0.018138126,0.048607357,0.1671769,0.0,0.0,0.0,0.0012016809,0.017704219,0.04830652,0.0,0.12718193,0.0,0.0,0.0023134854,0.029148731,0.0,0.008603197,0.03814184,0.020670116,0.10457639,0.0034117503,0.0,0.0,0.0,0.0,0.017769717,0.035826486,0.012724686,0.013138613,0.1164122,0.13029782,0.0118487775,0.0,0.0,0.0,0.0,0.0,0.110862136,0.107917994,0.07700768,0.07467483,0.0,0.0,0.081980065,0.0,0.0,0.0,0.015210386,0.01737364,0.057536066,0.051535435,0.0
0.020263314,0.05065474,0.1637172,0.0,0.0,0.0,0.0037224889,0.01986064,0.050349914,0.0,0.12385285,0.0,0.0,0.0047326246,0.028333433,0.0,0.00818462,0.03854733,0.021173233,0.102921456,0.003576124,0.0,0.0,0.0,0.0,0.018505095,0.035898454,0.012420354,0.012788956,0.11483853,0.12864308,0.012164006,0.0,0.0,0.0,0.0,0.0,0.108705185,0.10603557,0.07493615,0.07271727,0.0,0.0,0.081598744,0.0,0.0,0.0,0.015061176,0.017366689,0.05764526,0.051516637,0.0
0.034143493,0.059269123,0.16165629,0.0,0.0,0.0,0.0027053459,0.033767328,0.05902861,0.0,0.121562704,0.0,0.0,0.0035738177,0.02757316,0.0,0.007674832,0.03951977,0.022535466,0.10271164,0.0037877643,0.0,0.0,0.0,0.0,0.019552182,0.036232457,0.01216374,0.012452304,0.114015155,0.12779604,0.012541352,0.0,0.0,0.0,0.0,0.0,0.10742101,0.10496618,0.0732255,0.07115677,0.0,0.0,0.08202074,0.0,0.0,0.0,0.015511228,0.017989404,0.058944266,0.05289571,0.0
0.051327825,0.07239854,0.16023281,0.0,0.0,0.0,0.0,0.05098012,0.07226005,0.0,0.12018947,0.0,0.0,0.0,0.02621523,0.0,0.0070679863,0.040088177,0.025400229,0.1032024,0.00373156,0.0,0.0,0.0,0.0,0.021252368,0.037490487,0.011375927,0.011508376,0.11306566,0.12705426,0.012577318,0.0,0.0,0.0,0.0,0.0,0.105364665,0.10283226,0.070467085,0.06840793,0.0,0.0,0.083262786,0.0,0.0,0.0,0.015967121,0.018667806,0.060501017,0.05466498,0.0
0.06102322,0.08502776,0.15695193,0.0,0.0,0.0,0.0,0.060681805,0.084968515,0.0,0.11782375,0.0,0.0,0.0,0.023893844,0.0,0.006647046,0.03849805,0.028873293,0.10360607,0.0021766177,0.0,0.0,0.0,0.0,0.02348212,0.040135853,0.009641617,0.009556697,0.11088312,0.12537259,0.011716417,0.0,0.0,0.0,0.0,0.0,0.10125926,0.098346606,0.06637225,0.06420973,0.0,0.0,0.0837037,0.0,0.0,0.0,0.015647124,0.018778287,0.059740793,0.053981636,0.0
0.0716397,0.09935969,0.14807369,0.0,0.0,0.0,0.0,0.071210414,0.099357665,0.02832213,0.10994729,0.0,0.0,0.0,0.022022441,0.0,0.0074949195,0.03425789,0.02958863,0.10525618,0.0,0.0,0.0,0.0,0.0,0.025860978,0.043679617,0.008027467,0.007826151,0.108151436,0.12332508,0.010503116,0.0,0.0,0.0,0.0,0.0,0.09728094,0.09429854,0.064886644,0.063191205,0.0,0.0,0.07990608,0.0,0.0,0.0,0.013899642,0.017721143,0.05466667,0.048516665,0.0
0.12713225,0.13375743,0.13980755,0.006777131,0.0,0.0,0.0,0.12642244,0.13399856,0.042840403,0.10182606,0.0,0.0,0.0,0.02319654,0.0,0.0099459775,0.031723097,0.026589343,0.11344839,0.0,0.0,0.0,0.0,0.0,0.02707692,0.045876116,0.007882693,0.007832234,0.10764794,0.12323592,0.0081913285,0.0,0.0,0.0,0.0,0.0,0.099776626,0.09735805,0.07046002,0.070306465,0.0,0.0,0.07306564,0.0,0.0,0.0,0.010219514,0.014528777,0.048341364,0.041919068,0.0
0.23821068,0.19241127,0.14003916,0.0,0.0,0.0,0.0,0.23697622,0.19316852,0.010272272,0.10459259,0.0,0.0,0.0,0.026859358,0.0,0.011844842,0.03644087,0.0242824,0.12645939,0.0006484054,0.0,0.0,0.0,0.0,0.025108961,0.044814784,0.008640317,0.008866915,0.11246448,0.12773862,0.0040003937,0.0,0.0,0.0,0.0,0.0,0.11030641,0.10802223,0.07978661,0.08064339,0.0,0.0,0.07161971,0.0,0.0,0.0,0.0073042586,0.011344153,0.04991495,0.04468759,0.0
0.36281502,0.25609916,0.13745093,0.0,0.0,0.0,0.0,0.3605179,0.25740653,0.0,0.10605376,0.0,0.0,0.0,0.029983036,0.0,0.011480365,0.04985842,0.026039151,0.1343273,0.005777795,0.0,0.0,0.0,0.0,0.019359212,0.040880904,0.011500193,0.011888666,0.12313116,0.13744813,0.0036455577,0.0,0.0,0.0,0.0,0.0,0.12576413,0.12282094,0.08803437,0.088781446,0.0,0.0,0.07895847,0.0,0.0,0.0,0.008084094,0.011460379,0.063249096,0.059971258,0.0
0.46815377,0.31062472,0.13093309,0.0,0.0,0.0,0.0,0.4646495,0.31240344,0.0,0.100852445,0.0,0.0,0.0,0.030101206,0.0,0.009251876,0.06155642,0.029052828,0.13432635,0.009596798,0.0,0.0,0.0,0.0,0.018223705,0.040551677,0.014039735,0.014363792,0.13180146,0.14490575,0.004303075,0.0,0.0,0.0,0.0,0.0,0.13695276,0.13346097,0.09145041,0.09157117,0.0,0.0,0.087185025,0.0,0.0,0.0,0.010223111,0.013598565,0.07890606,0.07665801,0.0
0.54277694,0.35045785,0.11693496,0.0,0.0,0.0,0.0,0.5382187,0.3525974,0.0,0.08562346,0.0,0.0,0.0,0.028204301,0.0,0.007110646,0.06695073,0.031086043,0.13132241,0.012649239,0.0,0.0,0.0,0.0,0.02055027,0.041747153,0.014715667,0.014874298,0.1350677,0.1475122,0.0040482297,0.0,0.0,0.0,0.0,0.0,0.14284354,0.13962561,0.09250343,0.09226735,0.0,0.0,0.09339071,0.0,0.0,0.0,0.0133189745,0.01720998,0.09212728,0.09013234,0.0
0.58045423,0.37172604,0.102037296,0.0,0.0,0.0,0.0,0.57521826,0.37408412,0.0,0.069060236,0.0,0.0,0.0,0.026864022,0.0,0.006607289,0.06864371,0.031585988,0.13127148,0.014852663,0.0,0.0,0.0,0.0,0.01981996,0.039046176,0.014620058,0.014731779,0.1352975,0.14817743,0.0038162349,0.0,0.0,0.0,0.0,0.0,0.14849447,0.14631866,0.09618223,0.09609668,0.0,0.0,0.09778294,0.0,0.0,0.0,0.016889768,0.02111549,0.10190876,0.09979609,0.0
0.5769483,0.37257457,0.10276435,0.0,0.0,0.0,0.0,0.57173204,0.37501687,0.0,0.06851917,0.0,0.0,0.0,0.026758876,0.0,0.008023575,0.06753783,0.030374149,0.1342849,0.016195577,0.0,0.0,0.0,0.0,0.015998393,0.033233304,0.014411643,0.014603642,0.13311139,0.1471892,0.004085021,0.0,0.0,0.0,0.0,0.0,0.1538253,0.15297677,0.1024981,0.10285548,0.0,0.0,0.10082964,0.0,0.0,0.00096379267,0.020179868,0.024106003,0.10704588,0.10444599,0.0
0.537112,0.35568947,0.12107137,0.0,0.0,0.0,0.0,0.5325985,0.35811383,0.0,0.08606908,0.0,0.0,0.0,0.027669717,0.0,0.010607493,0.064163424,0.028068705,0.1377511,0.01741457,0.0,0.0,0.0,0.0,0.012605306,0.028125972,0.013937165,0.014269413,0.12871987,0.14427423,0.0050930595,0.0,0.0,0.0,0.0,0.0,0.15668093,0.15691023,0.10818428,0.109021105,0.0,0.0,0.10271859,0.0,0.0,0.0015696525,0.023368446,0.026557148,0.108656734,0.10562287,0.0
0.47287202,0.32685903,0.14970908,0.0,0.0,0.0,0.0,0.4693542,0.3291775,0.0,0.114059374,0.0,0.0,0.0,0.028360358,0.0,0.013071084,0.0591938,0.026244063,0.14040959,0.019584646,0.0,0.0,0.0,0.0,0.0102345385,0.025168482,0.01277396,0.013220138,0.12269142,0.13946626,0.005963167,0.0,0.0,0.0,0.0022871764,0.0,0.15455878,0.15516397,0.109590314,0.11066601,0.0,0.0,0.10338828,0.0,0.0,0.0022454993,0.025957493,0.028407265,0.10715188,0.10388315,0.0
0.4023171,0.29514307,0.18162835,0.0,0.0,0.0,0.0,0.39969027,0.2973032,0.0,0.14488092,0.0,0.0,0.0,0.02834571,0.0,0.0146528315,0.054365713,0.025975361,0.14190501,0.022834934,0.0,0.0,0.0,0.0,0.0069166683,0.023135547,0.011076116,0.01158606,0.11689239,0.13438502,0.0062413765,0.0,0.0,0.0,0.003682578,0.0,0.14844424,0.14881364,0.10617168,0.107332624,0.0,0.0,0.102560714,0.0,0.0,0.003189518,0.027413879,0.029454326,0.10354941,0.10025,0.0
0.3354557,0.26365757,0.20938435,0.0,0.0,0.0,0.0,0.33349597,0.26561612,0.0,0.17135917,0.0,0.0,0.0,0.027862469,0.0,0.015470112,0.050385445,0.02691169,0.14161816,0.025998458,0.0,0.0,0.0,0.0,0.0026915595,0.021545503,0.009262739,0.009789314,0.11233421,0.130051,0.0059059383,0.0,0.0,0.0,0.0038544703,0.00021133851,0.13999406,0.13977768,0.09961248,0.10083147,0.0,0.0,0.100659475,0.0,0.0,0.0041388064,0.02780202,0.02981517,0.099151626,0.09607158,0.0
0.2821169,0.23684397,0.22676152,0.0,0.0,0.0,0.0,0.28063053,0.23858176,0.0,0.18778354,0.0,0.0,0.0,0.02736125,0.0,0.015907984,0.047404423,0.02827368,0.14018813,0.028548663,0.0,0.0,0.0,0.0,0.0,0.0208392,0.0078045405,0.008297386,0.109439865,0.12700462,0.005518445,0.0,0.0,0.0,0.0032034973,6.8576075e-05,0.13145396,0.13061072,0.09280199,0.09414111,0.0,0.0,0.09843747,0.0,0.0,0.0047759013,0.027557049,0.029769823,0.09537673,0.09274422,0.0
0.24125718,0.21454602,0.23340139,0.0,0.0,0.0,0.0,0.24007729,0.2160587,0.0,0.19411573,0.0,0.0,0.0,0.027239706,0.0,0.016307365,0.045162156,0.028885942,0.13798213,0.029110884,0.0,0.0,0.0,0.0,0.0,0.02081693,0.0067589907,0.0071641924,0.10774087,0.124908954,0.004891442,0.0,0.0,0.0,0.0017593913,0.0,0.12424499,0.12290974,0.08781477,0.08931819,0.0,0.0,0.09605182,0.0,0.0,0.004961717,0.02686401,0.029337585,0.092810705,0.09066741,0.0
0.21036172,0.1958722,0.23054056,0.0,0.0,0.0,0.0,0.20932877,0.19714884,0.0,0.19162932,0.0,0.0,0.0,0.027173493,0.0,0.016752813,0.04297281,0.028453855,0.13446227,0.027441736,0.0,0.0,0.0,0.0,0.0,0.020922767,0.00603294,0.00629804,0.10658461,0.12319143,0.004068454,0.0,0.0,0.0,0.0,0.0,0.11796237,0.11626512,0.08433868,0.08586459,0.0,0.0,0.09374904,0.0,0.0,0.004635452,0.02578852,0.028485678,0.0900286,0.08818986,0.0
0.18819275,0.18099819,0.22151949,0.0,0.0,0.0,0.0,0.1871757,0.18204439,0.0,0.1832367,0.0,0.0,0.0,0.027174542,0.0,0.017233532,0.040918622,0.026962873,0.12922785,0.023512024,0.0,0.0,0.0,0.0,0.0,0.020495607,0.0057475367,0.0058658915,0.10585642,0.12182967,0.0033791326,0.0,0.0,0.0,0.0,0.0,0.11299261,0.11113,0.082098626,0.08351512,0.0,0.0,0.091354236,0.0,0.0,0.0038700285,0.024613606,0.027452255,0.08715686,0.08547925,0.0
0.17062445,0.16806543,0.20735866,0.0,0.0,0.0,0.0,0.16955094,0.1688788,0.0,0.1699334,0.0,0.0,0.0,0.027007263,0.0,0.017620841,0.038895227,0.024954826,0.12255513,0.01832538,0.0,0.0,0.0,0.0,0.0,0.01975023,0.0058557196,0.0058294716,0.10531208,0.120566905,0.003053636,0.0,0.0,0.0,0.0,0.0,0.10847224,0.10655713,0.080122575,0.08124276,0.0,0.0,0.08933532,0.0,0.0,0.0028259028,0.023636699,0.026490051,0.08403757,0.082394734,0.0
0.15768218,0.15686895,0.18894212,0.0,0.0,0.0,0.0,0.15651602,0.15745242,0.0,0.15250804,0.0,0.0,0.0,0.02659728,0.0,0.017716948,0.037260633,0.023025975,0.11518342,0.013045861,0.0,0.0,0.0,0.0,0.0,0.018252695,0.006193338,0.00603318,0.1048025,0.119228244,0.0031134244,0.0,0.0,0.0,0.0,0.0,0.10413829,0.102286726,0.07795261,0.0787241,0.0,0.0,0.08763914,0.0,0.0,0.0016660234,0.023111723,0.025909618,0.08117184,0.07956886,0.0
0.14488369,0.14529388,0.1673999,0.0,0.0,0.0,0.0,0.14359538,0.1456447,0.0,0.13223606,0.0,0.0,0.0,0.026154013,0.0,0.017431952,0.036580995,0.021371175,0.10785233,0.008308005,0.0,0.0,0.0,0.0,0.0,0.015533892,0.0065580914,0.0062790173,0.104177356,0.11769964,0.0033708978,0.0,0.0,0.0,0.0,0.0,0.10003565,0.0983031,0.07563104,0.076085076,0.0,0.0,0.08617067,0.0,0.0,0.0005803034,0.022939986,0.025688563,0.078719616,0.07708152,0.0
0.13272679,0.1340267,0.14446807,0.0,0.0,0.0,0.0,0.13130544,0.13415515,0.0,0.11096569,0.0,0.0,0.0,0.02593179,0.0,0.016745642,0.037185676,0.020201353,0.100857824,0.0047095986,0.0,0.0,0.0,0.0,0.0,0.011525757,0.00708347,0.0067235897,0.10383112,0.11647551,0.0042221798,0.0,0.0,0.0,0.0,0.0,0.09676498,0.095179886,0.073621675,0.07384896,0.0,0.0,0.08521711,0.0,0.0,0.0,0.023169508,0.025945751,0.0769306,0.075229794,0.0
0.12158812,0.123676784,0.12288588,0.0,0.0,0.0,0.0,0.12006051,0.12361728,0.0,0.09129337,0.0,0.0,0.0,0.026000196,0.0,0.015683603,0.038870186,0.019527817,0.09412656,0.0023309793,0.0,0.0,0.0013351645,0.0,0.0,0.0070882277,0.007864585,0.007463412,0.10363238,0.115541264,0.0059235087,0.0,0.0,0.0,0.0,0.0,0.09427595,0.092858166,0.07193567,0.07199921,0.0,0.0,0.08489537,0.0,0.0,0.0,0.023785153,0.026558917,0.0759439,0.073996685,0.0
0.11025218,0.113861635,0.10480405,0.0,0.0,0.0,0.0,0.10869059,0.11365162,0.0,0.07515939,0.0,0.0,0.0,0.026116867,0.0,0.01435538,0.040924802,0.019319857,0.08767001,0.0009100586,0.0,0.0,0.0058785575,0.0018374976,0.0,0.0031301463,0.008823133,0.008425422,0.10327497,0.114692025,0.008332492,0.0,0.0,0.0,0.0,0.0,0.09225011,0.090980306,0.07022219,0.07009623,0.0,0.0,0.08517831,0.0,0.0,0.0,0.02446052,0.02711277,0.07521677,0.0726603,0.0
0.098870784,0.10471268,0.092377186,0.0,0.0,0.0,0.0,0.09736763,0.10438714,0.0,0.064220846,0.0,0.0,0.0,0.02600867,0.0,0.012942623,0.042603623,0.019322857,0.08223272,0.00032938924,0.0,0.0,0.008987032,0.0043647867,0.0,0.00019889092,0.009733299,0.009387621,0.102431625,0.11360103,0.0107522495,0.0,0.0,0.0,0.0,0.0,0.09066972,0.08950581,0.0684167,0.06809579,0.0,0.0,0.085339606,0.0,0.0,0.0,0.024582915,0.027003052,0.07405355,0.070563935,0.0
0.08834509,0.09673464,0.085626505,0.0,0.0,0.0,0.0,0.08698431,0.09631979,0.0,0.058424957,0.0,0.0,0.0,0.025518198,0.0,0.011631365,0.043644384,0.019563816,0.07839327,0.000563249,0.0,0.0,0.010421852,0.0052958503,0.0,0.0,0.0104811685,0.010223599,0.10129395,0.1124448,0.012754015,0.0,0.0,0.0,0.0,0.0,0.08944583,0.08833835,0.06651772,0.06603885,0.0,0.0,0.085407466,0.0,0.0,0.0,0.024000749,0.026160631,0.07216719,0.067710824,0.0
0.07807959,0.089977,0.08261359,0.0,0.0,0.0,0.0,0.07691025,0.089492574,0.0,0.056094788,0.0,0.0,0.0,0.024701001,0.0,0.010506195,0.04394905,0.020030305,0.076087065,0.0011596326,0.0,0.0,0.010151677,0.004477227,0.0,0.0,0.011006062,0.010837924,0.10001926,0.11136588,0.014357839,0.0,0.0,0.0,0.0,0.0,0.08819344,0.08709583,0.06453736,0.06394136,0.0,0.0,0.085715875,0.0,0.0,0.0,0.022978596,0.02489612,0.06985146,0.064553425,0.0
0.068890855,0.08498712,0.08029174,0.0,0.0,0.0,0.0,0.067917764,0.0844491,0.0,0.05443514,0.0,0.0,0.0,0.023643706,0.0,0.009607063,0.043453574,0.020765012,0.07496798,0.002006162,0.0,0.0,0.008292124,0.001988337,0.0,0.0,0.011245702,0.011150179,0.09861374,0.110348456,0.015695648,0.0,0.0,0.0,0.0,0.0,0.08644928,0.08537533,0.062307104,0.061615273,0.0,0.0,0.08629018,0.0,0.0,0.0,0.02188966,0.023652393,0.067599654,0.061742015,0.0
0.059597112,0.08091251,0.07735774,0.0,0.0,0.0,0.0,0.058781832,0.08033004,0.0,0.05210574,0.0,0.0,0.0,0.022540558,0.0,0.008861909,0.04245665,0.021278992,0.07442401,0.0026469594,0.0,0.0,0.0057011303,0.0,0.0,0.0,0.011177873,0.011137544,0.09702574,0.10921744,0.016584795,0.0,0.0,0.0,0.0,0.0,0.08458558,0.08361967,0.06014715,0.05938273,0.0,0.0,0.086797334,0.0,0.0,0.0,0.020739669,0.02246096,0.06556174,0.059310716,0.0
0.052096978,0.077885695,0.074052215,0.0,0.0,0.0,0.0,0.051390573,0.07726674,0.0030834507,0.049125604,0.0,0.0,0.0,0.021403017,0.0,0.008150751,0.04114985,0.021679718,0.07446723,0.003548923,0.0,0.0,0.002455384,0.0,0.0,0.0020695287,0.010769397,0.010768376,0.09529187,0.10784937,0.01693954,0.0,0.0,0.0,0.0,0.0,0.08259082,0.081788965,0.057848036,0.05706346,0.0,0.0,0.086855486,0.0,0.0,0.0,0.019519199,0.021336542,0.06308677,0.056652598,0.0
0.04577495,0.07538822,0.07031869,0.0,0.0,0.0,0.0,0.045138747,0.07473186,0.014814459,0.045466773,0.0,0.0,0.0,0.020250298,0.0,0.007429799,0.03974904,0.021804139,0.07468782,0.0045341314,0.0,0.0,0.0,0.0,0.0,0.0038411755,0.010145077,0.0101733375,0.09349276,0.10626214,0.016732115,0.0,0.0,0.0,0.0,0.0,0.0806588,0.08005962,0.05565923,0.05490576,0.0,0.0,0.08656458,0.0,0.0,0.0,0.018238313,0.02024341,0.060360402,0.053876266,0.0
0.041987836,0.07377251,0.06553525,0.0,0.0,0.0,0.0,0.041404814,0.07307913,0.027350556,0.0405408,0.0,0.0,0.0,0.019179173,0.0,0.0067549073,0.03799989,0.02164678,0.07454882,0.005305445,0.0,0.0,0.0,0.0,0.0,0.005241467,0.009517085,0.0095725665,0.091714956,0.10456997,0.016329559,0.0,0.0,0.0,0.0,0.0,0.07866861,0.07830929,0.053627625,0.05293223,0.0,0.0,0.085960135,0.0,0.0,0.0,0.017016929,0.019254114,0.057566393,0.051103503,0.0
0.040879235,0.07269874,0.059168085,0.0057087727,0.0,0.0,0.0,0.04034847,0.07195914,0.039591957,0.03390404,0.0,0.0,0.0,0.018202275,0.0,0.0061642444,0.035916284,0.021118645,0.073164865,0.005571485,0.0,0.0,0.0,0.0,0.0,0.0057271216,0.009021246,0.009112116,0.08994265,0.10280186,0.015878335,0.0,0.0,0.0,0.0,0.0,0.07647932,0.07642251,0.051644176,0.050993077,0.0,0.0,0.08491234,0.0,0.0,0.0,0.015777702,0.018249381,0.05468907,0.048260503,0.0
0.04130125,0.071682714,0.052335225,0.015803166,0.0,0.0,0.0,0.040826052,0.07088889,0.050541334,0.026702262,0.0,0.0,0.0,0.017376196,0.0,0.0056117466,0.034019865,0.02014076,0.07101558,0.0054370286,0.0,0.0,0.0,0.0,0.0,0.0049543967,0.008659065,0.008785496,0.08819866,0.100953266,0.015225943,0.0,0.0,0.0,0.0,0.0,0.07471229,0.0749796,0.050153498,0.049554832,0.0,0.0,0.08347964,0.0,0.0,0.0,0.014453128,0.01708096,0.051846802,0.045355603,0.0
0.042515963,0.07047533,0.04521334,0.024643075,0.0,0.0,0.0,0.04210958,0.06961745,0.060298808,0.019317128,0.0,0.0,0.0,0.016594352,0.0,0.0051005436,0.03240213,0.019277997,0.06890237,0.005466996,0.0,0.0,0.0,0.0,0.0,0.0036771533,0.008346557,0.008501435,0.086599484,0.09919855,0.014482258,0.0,0.0,0.0,0.0,0.0,0.07321967,0.07372687,0.048821617,0.04828427,0.0,0.0,0.08193843,0.0,0.0,0.0,0.013198525,0.015921636,0.048942573,0.042414494,0.0
0.04231663,0.06879393,0.038092904,0.033110134,0.0,0.0,0.0,0.041985914,0.067866944,0.06972705,0.01224535,0.0,0.0,0.0,0.015882676,0.0,0.0046659573,0.030988712,0.018505447,0.06700955,0.005714223,0.0,0.0,0.0,0.0,0.0,0.00217305,0.008063505,0.008240369,0.085145846,0.097585246,0.013621529,0.0,0.0,0.0,0.0,0.0,0.07192955,0.0725894,0.047795247,0.047297467,0.0,0.0,0.08065969,0.0,0.0,0.0,0.012084883,0.014831858,0.04662679,0.04004795,0.0
0.04261574,0.0673905,0.03132283,0.04041145,0.0,0.0,0.0,0.042367175,0.06640077,0.078026816,0.0057795197,0.0,0.0,0.0,0.015277004,0.0,0.004337956,0.029544897,0.017935134,0.065045975,0.0058861664,0.0,0.0,0.0,0.0,0.0,0.0011879997,0.007862804,0.008061476,0.08391163,0.09624651,0.013012048,0.0,0.0,0.0,0.0,0.0,0.07066391,0.07144372,0.04681915,0.046356156,0.0,0.0,0.07960732,0.0,0.0,0.0,0.011217078,0.0139848925,0.044769518,0.03820864,0.0
0.041485846,0.065389745,0.025423244,0.047400266,0.0,0.0,0.0,0.04131402,0.06433804,0.08589004,0.00030245632,0.0,0.0,0.0,0.014723061,0.0,0.0040808753,0.028032081,0.017240621,0.06262876,0.005871964,0.0,0.0,0.0,0.0,0.0,0.0004533208,0.007647666,0.007865952,0.08260479,0.09485485,0.012420582,0.0,0.0,0.0,0.0,0.0,0.06919421,0.070097536,0.04581994,0.045354556,0.0,0.0,0.07854843,0.0,0.0,0.0,0.01028345,0.013044128,0.04308099,0.036466684,0.0
0.04109384,0.06393744,0.021445706,0.052767403,0.0,0.0,0.0,0.040991396,0.06284016,0.09178157,0.0,0.0,0.0,0.0,0.014333567,0.0,0.0038589053,0.026829546,0.016409505,0.06058397,0.005784685,0.0,0.0,0.0,0.0,0.0,0.0,0.0074641006,0.007703272,0.08147399,0.09360562,0.011881327,0.0,0.0,0.0,0.0,0.0,0.06843962,0.0694878,0.045430556,0.045014624,0.0,0.0,0.07748422,0.0,0.0,0.0,0.009413801,0.012153016,0.041835606,0.035152778,0.0
0.04000707,0.062514976,0.019387461,0.056733552,0.0,0.0,0.0,0.039961234,0.061385926,0.09592734,0.0,0.0,0.0,0.0,0.013994848,0.0,0.0036574716,0.025880627,0.015699388,0.059162755,0.0060251825,0.0,0.0,0.0,0.0,0.0,0.0,0.0072795525,0.007534656,0.0804181,0.09238751,0.011368639,0.0,0.0,0.0,0.0,0.0,0.06788279,0.06903703,0.04518521,0.04480829,0.0,0.0,0.07653084,0.0,0.0,0.0,0.008630119,0.011308746,0.04095746,0.034124963,0.0
0.038951367,0.06140642,0.01939945,0.058903247,0.0,0.0,0.0,0.038944155,0.060266305,0.09793727,0.0,0.0,0.0,0.0,0.013720201,0.0,0.0034605183,0.0251178,0.0151057765,0.05833622,0.006569785,0.0,0.0,0.0,0.0,0.0,0.0,0.0071149557,0.007383488,0.07942061,0.09118383,0.010922709,0.0,0.0,0.0,0.0,0.0,0.067445405,0.06868294,0.04509955,0.044749327,0.0,0.0,0.07564977,0.0,0.0,0.0,0.007976618,0.010584002,0.040531404,0.033478905,0.0
0.038616076,0.060385853,0.021050025,0.060062952,0.0,0.0,0.0,0.03863786,0.059245072,0.09865309,0.0,0.0,0.0,0.0,0.013383692,0.0,0.0032391602,0.02453216,0.014757029,0.058006085,0.007413135,0.0,0.0,0.0,0.0,0.0,0.0001481697,0.00692625,0.007199112,0.07849368,0.09001833,0.010507476,0.0,0.0,0.0,0.0,0.0,0.066994,0.06827414,0.04488168,0.0445442,0.0,0.0,0.07478095,0.0,0.0,0.0,0.007388657,0.00995264,0.039903842,0.03263858,0.0
0.037952036,0.05910699,0.02329715,0.061859347,0.0,0.0,0.0,0.038006783,0.05796497,0.09987023,0.0,0.0,0.0,0.0,0.012948386,0.0,0.0029869608,0.023977552,0.014581755,0.0579912,0.008386285,0.0,0.0,0.0,0.0,0.0,0.00054530986,0.006653041,0.0069182226,0.07755357,0.08883031,0.010033128,0.0,0.0,0.0,0.0,0.0,0.06642346,0.06769689,0.044575937,0.044234876,0.0,0.0,0.073877804,0.0,0.0,0.0,0.0068016183,0.0093471,0.03908057,0.0316308,0.0
0.03675306,0.05761103,0.025334574,0.065116376,0.0,0.0,0.0,0.03684339,0.05646594,0.102620415,0.001195591,0.0,0.0,0.0,0.01255313,0.0,0.0027772351,0.023772554,0.014567423,0.058682963,0.0092204865,0.0,0.0,0.0,0.0,0.0,0.0008574948,0.0063287634,0.0065821107,0.076789886,0.08788085,0.009498264,0.0,0.0,0.0,0.0,0.0,0.066366844,0.0675893,0.04447736,0.044152543,0.0,0.0,0.072937205,0.0,0.0,0.0,0.006336933,0.008907782,0.038199592,0.030646782,0.0
0.034957737,0.056109004,0.02697258,0.0691291,0.0,0.0,0.0,0.035073146,0.05496481,0.106345445,0.002816096,0.0,0.0,0.0,0.01219086,0.0,0.002646159,0.023642797,0.014739402,0.060158737,0.00990471,0.0,0.0,0.0,0.0,0.0,0.0013687499,0.005986524,0.006233964,0.0761662,0.08714821,0.008891514,0.0,0.0,0.0,0.0,0.0,0.06645369,0.0675752,0.044423103,0.04411252,0.0,0.0,0.072075054,0.0,0.0,0.0,0.0060815755,0.008712212,0.037548214,0.029984957,0.0
0.033705026,0.054604445,0.027743205,0.073692404,0.0,0.0,0.0,0.033831015,0.0534605,0.11086276,0.0035552569,0.0,0.0,0.0,0.011870889,0.0,0.0025771463,0.023430161,0.015066676,0.061872017,0.010362848,0.0,0.0,0.0,0.0,0.0,0.0019958531,0.005673475,0.005921549,0.075762115,0.086729854,0.008353742,0.0,0.0,0.0,0.0,0.0,0.066465884,0.067457415,0.04427927,0.043969728,0.0,0.0,0.071284294,0.0,0.0,0.0,0.0059254523,0.008685883,0.036713485,0.029282996,0.0
0.03345743,0.05340804,0.027589705,0.07839658,0.0,0.0,0.0,0.033592224,0.052258257,0.11571119,0.0033976547,0.0,0.0,0.0,0.011581666,0.0,0.0025149668,0.023123331,0.015470766,0.063363396,0.010750307,0.0,0.0,0.0,0.0,0.0,0.0023488859,0.005412337,0.005664048,0.07551731,0.08651051,0.007872537,0.0,0.0,0.0,0.0,0.0,0.06627561,0.06713113,0.044051714,0.043734975,0.0,0.0,0.07061027,0.0,0.0,0.0,0.005765768,0.008684108,0.03583684,0.028682115,0.0
0.033319578,0.052215803,0.026028834,0.083223544,0.0,0.0,0.0,0.03347069,0.051049337,0.12092245,0.0018909238,0.0,0.0,0.0005493481,0.011467021,0.0,0.002488921,0.022839598,0.015781324,0.064065,0.010848185,0.0,0.0,0.0,0.0,0.0,0.0026124464,0.00523692,0.005495136,0.07534412,0.086425945,0.0076061753,0.0,0.0,0.0,0.0,0.0,0.066036105,0.06679034,0.043816216,0.043494985,0.0,0.0,0.06989506,0.0,0.0,0.0,0.0054952875,0.008570297,0.034969233,0.028139396,0.0
0.03346029,0.051353842,0.023874033,0.087109916,0.0,0.0,0.0,0.033629596,0.050168008,0.12533689,0.0,0.0,0.0,0.0008846335,0.011562523,0.0,0.002523721,0.022808686,0.015913095,0.06435628,0.010806518,0.0,0.0,0.0,0.0,0.0,0.0026215902,0.0051627364,0.005435833,0.0752977,0.08648418,0.007405226,0.0,0.0,0.0,0.0,0.0,0.06618137,0.06688348,0.043852437,0.043554958,0.0,0.0,0.06926043,0.0,0.0,0.0,0.0051967483,0.008383332,0.0344591,0.02796758,0.0
0.033745915,0.050737426,0.021602094,0.089726985,0.0,0.0,0.0,0.033935428,0.049529213,0.12851742,0.0,0.0,0.0,0.00070468895,0.0117522925,0.0,0.0025903375,0.02276395,0.015934598,0.06411397,0.010748249,0.0,0.0,0.0,0.0,0.0,0.0025177682,0.0051978133,0.0054937317,0.07535918,0.086638816,0.007351775,0.0,0.0,0.0,0.0,0.0,0.06639227,0.06707236,0.043948278,0.043669365,0.0,0.0,0.06886778,0.0,0.0,0.0,0.0048583355,0.008108195,0.034241613,0.028044254,0.0
0.03398955,0.050051473,0.019771527,0.0916823,0.0,0.0,0.0,0.034198597,0.048817243,0.13088998,0.0,0.0,0.0,0.0002616141,0.011946535,0.0,0.002654445,0.022874188,0.015904367,0.06339908,0.010817433,0.0,0.0,0.0,0.0,0.0,0.0022886107,0.0052869916,0.005604877,0.07540615,0.08675928,0.0073675914,0.0,0.0,0.0,0.0,0.0,0.06653929,0.06721909,0.043909095,0.0436304,0.0,0.0,0.06868036,0.0,0.0,0.0,0.004478678,0.0077385996,0.03410038,0.02810675,0.0
0.033944204,0.04942922,0.018891703,0.09293841,0.0,0.0,0.0,0.034176975,0.048170462,0.13234593,0.0,0.0,0.0,0.0,0.012114214,0.0,0.0026858791,0.022993129,0.01578525,0.062353916,0.010886762,0.0,0.0,0.0,0.0,0.0,0.0019957786,0.005405149,0.0057474263,0.07536117,0.0867465,0.007447594,0.0,0.0,0.0,0.0,0.0,0.066606455,0.06730364,0.043828756,0.04354445,0.0,0.0,0.06864832,0.0,0.0,0.0,0.004078582,0.007298777,0.03416793,0.028263563,0.0
0.033450067,0.048680007,0.01865013,0.09436458,0.0,0.0,0.0,0.03371249,0.0473977,0.1337598,0.0,0.0,0.0,0.0,0.012150243,0.0,0.0026759799,0.022910347,0.015620018,0.060888547,0.010629992,0.0,0.0,0.0,0.0,0.0,0.0019082762,0.005478237,0.005845014,0.07510102,0.086500764,0.0075568696,0.0,0.0,0.0,0.0,0.0,0.06640117,0.06712788,0.04348436,0.043204732,0.0,0.0,0.06853137,0.0,0.0,0.0,0.0036492161,0.006806111,0.033982176,0.028093766,0.0
0.032469258,0.048087653,0.018402223,0.09623564,0.0,0.0,0.0,0.032772586,0.046782285,0.13557538,0.0,0.0,0.0,0.0,0.011897128,0.0,0.002596015,0.022242514,0.015364509,0.058856517,0.010102389,0.0,0.0,0.0,0.0,0.0,0.001709858,0.0054247514,0.0058206096,0.074481204,0.08586353,0.007492977,0.0,0.0,0.0,0.0,0.0,0.06544302,0.06623775,0.042763285,0.042495593,0.0,0.0,0.06827105,0.0,0.0,0.0,0.0032157656,0.006303707,0.03373991,0.027863383,0.0
0.030891687,0.047376044,0.017718002,0.098784216,0.0,0.0,0.0,0.03123641,0.046049204,0.13811761,0.0,0.0,0.0,0.0,0.011480371,0.0,0.0024429283,0.021532374,0.014954247,0.056241788,0.009352979,0.0,0.0,0.0,0.0,0.0,0.0012974497,0.0052475426,0.0056713596,0.07352017,0.084886074,0.0071899304,0.0,0.0,0.0,0.0,0.0,0.06404334,0.0649772,0.04172133,0.04147946,0.0,0.0,0.06774473,0.0,0.0,0.0,0.002721386,0.005757995,0.033280898,0.027335992,0.0
0.0291764,0.04648871,0.016718078,0.10127839,0.0,0.0,0.0,0.029552117,0.045144524,0.14071232,0.0,0.0,0.0,0.0,0.011004348,0.0,0.0022759747,0.020998161,0.0144474385,0.05382178,0.008787932,0.0,0.0,0.0,0.0,0.0,0.0008642683,0.0049350504,0.005380472,0.0723436,0.083685175,0.006611675,0.0,0.0,0.0,0.0,0.0,0.06251375,0.06362088,0.04063785,0.04044298,0.0,0.0,0.06695442,0.0,0.0,0.0,0.0022397917,0.0052641463,0.032703962,0.026632985,0.0
0.028396875,0.045785908,0.015538912,0.10302517,0.0,0.0,0.0,0.028796986,0.044429358,0.14263695,0.0,0.0,0.0,0.0,0.0105902655,0.0,0.0021027247,0.020771831,0.013984578,0.051899023,0.008599047,0.0,0.0,0.0,0.0,0.0,0.00024143141,0.0045945575,0.00505812,0.07132287,0.08262681,0.005953105,0.0,0.0,0.0,0.0,0.0,0.0613332,0.06261719,0.039808832,0.03969249,0.0,0.0,0.06612061,0.0,0.0,0.0,0.0017712489,0.0048396196,0.032111257,0.025923619,0.0
0.027946785,0.04500188,0.013653245,0.10479267,0.0,0.0,0.0,0.028377548,0.04363127,0.14470667,0.0,0.0,0.0,0.0,0.010124136,0.0,0.0019351457,0.020346725,0.013698559,0.049823537,0.008485666,0.0,0.0,0.0,0.0,0.0,0.0,0.0042317268,0.0047063846,0.070307076,0.08158402,0.005383799,0.0,0.0,0.0,0.0,0.0,0.05986567,0.06130874,0.038754277,0.038712494,0.0,0.0,0.0652102,0.0,0.0,0.0,0.0013357475,0.004477365,0.031295862,0.025033329,0.0
0.026731387,0.04380195,0.011221163,0.10661356,0.0,0.0,0.0,0.027196527,0.04241434,0.14702983,0.0,0.0,0.0,0.00026656128,0.009770395,0.0,0.0017951955,0.020236803,0.013319215,0.04763776,0.00827829,0.0,0.0,0.0,0.0,0.0,0.0,0.0039037843,0.0043892497,0.06939437,0.0806776,0.0048417803,0.0,0.0,0.0,0.0,0.0,0.05866614,0.06028391,0.03788886,0.037924904,0.0,0.0,0.064397916,0.0,0.0,0.0,0.00092540495,0.004149437,0.03062315,0.024252066,0.0
0.025821283,0.042546827,0.008383747,0.10810107,0.0,0.0,0.0,0.026315317,0.04114187,0.14912069,0.0,0.0,0.0,0.00080883317,0.009573044,0.0,0.0017279023,0.020526655,0.0130175445,0.04600592,0.008227281,0.0,0.0,0.0,0.0,0.0,0.0,0.003655347,0.004151915,0.06875923,0.08009651,0.004461026,0.0,0.0,0.0,0.0,0.0,0.057972178,0.0597475,0.037271462,0.037385955,0.0,0.0,0.063726,0.0,0.0,0.0,0.00058765896,0.0039186925,0.030020954,0.023548875,0.0
0.025013,0.04116391,0.0051101334,0.1094523,0.0,0.0,0.00022666343,0.025535151,0.03973748,0.15120168,0.0,0.0,0.0,0.001190139,0.00949344,0.0,0.0017290915,0.021045532,0.012809031,0.044987895,0.008317507,0.0,0.0,0.0,0.0,0.0,0.0,0.0034889597,0.003994406,0.06836176,0.07978697,0.00429653,0.0,0.0,0.0,0.0,0.0,0.0576184,0.059515238,0.036874257,0.037059,0.0,0.0,0.063208655,0.0,0.0,0.0,0.00030799955,0.0037617646,0.029603772,0.02304944,0.0
0.024619758,0.040090792,0.0010645278,0.11110154,0.0,0.0,0.00039857253,0.025176227,0.038640726,0.15366103,0.0,0.0,0.0,0.0013425685,0.009486618,0.0,0.0017645678,0.021558195,0.012745818,0.044117052,0.0082736835,0.0,0.0,0.0,0.0,0.0,0.0,0.003439582,0.0039576814,0.06820368,0.079742655,0.0043983487,0.0,0.0,0.0,0.0,0.0,0.057426207,0.059434738,0.03655229,0.036788814,0.0,0.0,0.06290768,0.0,0.0,0.0,8.9405105e-05,0.00366644,0.029360194,0.022758663,0.0
0.023213401,0.038991958,0.0,0.113402456,0.0,0.0,0.00093044527,0.02380842,0.037521,0.15677255,0.0,0.0,0.0,0.0018349569,0.009551544,0.0,0.0017951924,0.022088015,0.012587415,0.043042153,0.0076660505,0.0,0.0,0.0,0.0,0.0,0.0,0.0034579542,0.0039946986,0.06807164,0.0797284,0.004549028,0.0,0.0,0.0,0.0,0.0,0.057410378,0.059556123,0.036305826,0.036580686,0.0,0.0,0.06271173,0.0,0.0,0.0,0.0,0.0035759676,0.029357202,0.022603367,0.0
0.02105324,0.037695378,0.0,0.11612933,0.0,0.0,0.0019064266,0.021676332,0.03620772,0.16017172,0.0,0.0,0.0,0.0027598608,0.009679354,0.0,0.0018243057,0.0226398,0.012376751,0.042435825,0.006946193,0.0,0.0,0.0,0.0,0.0,0.0,0.0034595598,0.004016854,0.06811566,0.079892375,0.0046506645,0.0,0.0,0.0,0.0,0.0,0.05768469,0.059956964,0.036270987,0.036576774,0.0,0.0,0.062692724,0.0,0.0,0.0,0.0,0.0035444833,0.02932017,0.022341527,0.0
0.019266441,0.036687016,0.0,0.11866257,0.0,0.0,0.002945505,0.019899547,0.03519189,0.1631586,0.0,0.0,0.0,0.0037492234,0.009741306,0.0,0.0018075545,0.023015197,0.012324873,0.042484038,0.0066228136,0.0,0.0,0.0,0.0,0.0,0.0,0.0033836337,0.0039566886,0.06822972,0.08009046,0.0046667396,0.0,0.0,0.0,0.0,0.0,0.05778333,0.060148682,0.036157023,0.036480293,0.0,0.0,0.06271537,0.0,0.0,0.0,0.0,0.0035972092,0.029343598,0.022149138,0.0
0.017163217,0.03546966,0.0,0.1210904,0.0,0.0,0.0042377003,0.017792016,0.03397228,0.16596058,0.0,0.0,0.0,0.005004864,0.009694796,0.0,0.0017352671,0.02304576,0.012303548,0.04269968,0.0064570624,0.0,0.0,0.0,0.0,0.0,0.00082310755,0.0031907782,0.0037615886,0.06822272,0.08010648,0.0045872964,0.0,0.0,0.0,0.0,0.0,0.057449568,0.05986972,0.03585812,0.0361755,0.0,0.0,0.06268994,0.0,0.0,0.0,0.0,0.0036818385,0.029241623,0.021808773,0.0
0.015572146,0.03449815,0.0,0.12308401,0.0,0.0,0.005647745,0.016183063,0.033009026,0.16817363,0.0,0.0,0.0,0.0063578356,0.009626672,0.0,0.001600921,0.02300736,0.012290098,0.043030433,0.0065572476,0.0,0.0,0.0,0.0,0.0,0.0024373545,0.002928291,0.0034844838,0.068247706,0.08006643,0.0043697697,0.0,0.0,0.0,0.0,0.0,0.05711288,0.05957844,0.035643596,0.03593338,0.0,0.0,0.062831566,0.0,0.0,0.0,0.0,0.0037768707,0.02914933,0.02143788,0.0
0.01378113,0.0330926,0.0,0.124958396,0.0,0.0,0.0072441977,0.0143684,0.031616278,0.17006233,0.0,0.0,0.0,0.00790127,0.009556778,0.0,0.0014105886,0.022817032,0.012242492,0.043290786,0.006555825,0.0,0.0,0.0,0.0,0.0,0.004565047,0.0025826176,0.0031045517,0.068310075,0.07999069,0.00414756,0.0,0.0,0.0,0.0,0.0,0.056811776,0.059272498,0.035461597,0.035711836,0.0,0.0,0.063027486,0.0,0.0,0.0,0.0,0.003829686,0.02862132,0.020548575,0.0
0.012535781,0.031612873,0.0,0.12699467,0.0,0.0,0.008658037,0.0130948275,0.030148242,0.17193212,0.0,0.0,0.0,0.009265922,0.009392826,0.0,0.0011938332,0.022540577,0.012354209,0.044006594,0.006856779,0.0,0.0,0.0,0.0,0.0019149017,0.007140876,0.0021510264,0.0026225112,0.06847608,0.07997448,0.0039408556,0.0,0.0,0.0,0.0,0.0,0.05645098,0.05883327,0.03522583,0.03542307,0.0,0.0,0.06328999,0.0,0.0,0.0,0.0,0.003912464,0.027795728,0.01944727,0.0
0.011604637,0.030242022,0.0,0.12944901,0.0,0.0,0.009804355,0.012138501,0.028783891,0.17424479,0.0,0.0,0.0,0.0103595,0.009150507,0.0,0.0009861332,0.022445723,0.012607211,0.045343067,0.007343012,0.0,0.0,0.0,0.0,0.0045008296,0.009634459,0.0017037573,0.0021132147,0.068687394,0.07998791,0.0037113652,0.0,0.0,0.0,0.0,0.0,0.056259125,0.058504786,0.034996532,0.035139635,0.0,0.0,0.06349766,0.0,0.0,0.0,0.0,0.0040262807,0.027064962,0.018547192,0.0
0.010975152,0.029343434,0.0,0.13199443,0.0,0.0,0.010515101,0.011501431,0.02788508,0.17678884,0.0,0.0,0.0,0.01100108,0.008849698,0.0,0.00079930166,0.022290621,0.0129737435,0.046985224,0.007697796,0.0,0.0,0.0,0.0,0.006313312,0.011365443,0.0013288106,0.0016819071,0.06897541,0.080069646,0.0034731366,0.0,0.0,0.0,0.0,0.0,0.056287818,0.058360953,0.03480623,0.03489434,0.0,0.0,0.06381942,0.0,0.0,0.0,0.0,0.0042045526,0.026622161,0.01808051,0.0
0.010237008,0.028732378,0.0,0.13480693,0.0,0.0,0.010971125,0.010773659,0.027270902,0.17954552,0.0,0.0,0.0,0.011379344,0.00861194,0.0,0.00060623174,0.021972045,0.013348524,0.048144713,0.0075291707,0.0,0.0,0.0,0.0,0.007314467,0.012372396,0.0010896139,0.0013989806,0.069342874,0.08027161,0.0033580689,0.0,0.0,0.0,0.0,0.0,0.056439262,0.058337,0.03461242,0.034637302,0.0,0.0,0.06437293,0.0,0.0,0.0,0.0,0.0043293405,0.026171934,0.017666623,0.0
0.0088439435,0.028356533,0.0,0.137408,0.0,0.0,0.011215612,0.0094050765,0.026891716,0.18192798,0.0,0.0,0.0,0.011572972,0.008317924,0.0,0.000373604,0.021091182,0.013608038,0.04868238,0.006676589,0.0,0.0,0.0,0.0,0.0076710396,0.012837007,0.0009072665,0.0011902191,0.06948577,0.08027413,0.0032317445,0.0,0.0,0.0,0.0,0.0,0.056327086,0.058042407,0.034239076,0.034219485,0.0,0.0,0.06487046,0.0,0.0,0.0,0.0,0.004385829,0.025673077,0.017296974,0.0
0.0071495473,0.028168544,0.0,0.14029148,0.0,0.0,0.011603728,0.0077252984,0.026700519,0.18444249,0.0,0.0,0.0,0.011925481,0.007919226,0.0,0.00013082311,0.020160489,0.013899105,0.049142756,0.0061490647,0.0,0.0,0.0,0.0,0.0074285585,0.012707839,0.00069915876,0.0009649163,0.06933419,0.080033794,0.0028887116,0.0,0.0,0.0,0.0,0.0,0.055873945,0.05740821,0.033554826,0.03347896,0.0,0.0,0.06528077,0.0,0.0,0.0,0.0,0.004371619,0.025072025,0.016930781,0.0
0.005226508,0.02799271,0.0,0.14340052,0.00046624616,0.0,0.012145799,0.005810052,0.026520092,0.18718791,0.0,0.0,0.0,0.012453681,0.0074553434,0.0,0.0,0.019083276,0.014152416,0.04957868,0.0059515685,0.0,0.0,0.0,0.0,0.0067080073,0.012147958,0.00042386167,0.0006759539,0.06883938,0.079477794,0.0023201408,0.0,0.0,0.0,0.0,0.0,0.05510227,0.05645417,0.03273409,0.032614443,0.0,0.0,0.065469824,0.0,0.0,0.0,0.0,0.0042991154,0.024399279,0.016565539,0.0
0.0040813684,0.028205015,0.0,0.14597656,0.00035098195,0.0,0.012527814,0.004670009,0.026727851,0.18947709,0.0,0.0,0.0,0.012826357,0.007125048,0.0,0.0,0.01828297,0.014383384,0.049939677,0.0061253565,0.0,0.0,0.0,0.0,0.005373817,0.011059724,0.00017544162,0.00042730477,0.06826744,0.078896925,0.0017775381,0.0,0.0,0.0,0.0,0.0,0.054540277,0.05575706,0.032075617,0.031947978,0.0,0.0,0.06548122,0.0,0.0,0.0,0.0,0.004168194,0.023862384,0.016399715,0.0
0.0036485642,0.028287247,0.0,0.14881434,0.00026914477,0.0,0.013061628,0.004244566,0.026802655,0.1920608,0.0,0.0,0.0,0.013362417,0.0069583207,0.0,0.0,0.017529843,0.014551683,0.04979332,0.006262617,0.0,0.0,0.0,0.0,0.004236603,0.010175581,0.0,0.00023681764,0.067743346,0.078440964,0.0014573897,0.0,0.0,0.0,0.0,0.0,0.053947955,0.055074118,0.03156592,0.031440802,0.0,0.0,0.06549111,0.0,0.0,0.0,0.0,0.0039992873,0.02310945,0.015982643,0.0
0.0044557154,0.028753899,0.0,0.15142101,0.00011943281,0.0,0.013313854,0.0050685406,0.027258497,0.1944008,0.0,0.0,0.0,0.013602365,0.006970885,0.0,0.0,0.017383987,0.014694086,0.049975563,0.0068191346,0.0,0.0,0.0,0.0,0.0029989835,0.009054594,0.0,0.00014610682,0.067491524,0.07829957,0.0012170526,0.0,0.0,0.0,0.0,0.0,0.05396731,0.05504887,0.0314835,0.031399854,0.0,0.0,0.065546565,0.0,0.0,0.0,0.0,0.0038368981,0.022716125,0.01593116,0.0
0.005522296,0.029071897,0.0,0.15421066,0.00059328787,0.0,0.013563011,0.0061650723,0.027560752,0.19696149,0.0,0.0,0.0,0.013837937,0.0070679393,0.0,0.0,0.017390149,0.014878122,0.049911134,0.007384425,0.0,0.0,0.0,0.0,0.002114009,0.0082529625,0.0,0.0001294529,0.06736036,0.07832749,0.0011993907,0.0,0.0,0.0,0.0,0.0,0.053921375,0.054979753,0.0313736,0.03133646,0.0,0.0,0.065702386,0.0,0.0,0.0,0.0,0.0036742575,0.02245525,0.015953869,0.0
0.0061332136,0.029218666,0.0,0.15712276,0.001089586,0.0,0.014103962,0.006820351,0.027692538,0.19965999,0.0,0.0,0.0,0.014361342,0.0072315102,0.0,0.0,0.017542752,0.014845198,0.049537808,0.007523358,0.0,0.0,0.0,0.0,0.0015760856,0.0077225557,0.0,0.00015103258,0.067257755,0.078388035,0.001245473,0.0,0.0,0.0,0.0,0.0,0.0539552,0.05503084,0.031400904,0.03144567,0.0,0.0,0.065916054,0.0,0.0,0.0,0.0,0.0034604855,0.022444135,0.016119376,0.0
0.006555423,0.02943363,0.0,0.15970835,0.0011443775,0.0,0.014829284,0.007292226,0.027899016,0.20207658,0.0,0.0,0.0,0.015055528,0.0074888207,0.0,7.702806e-05,0.01779865,0.01462397,0.048727304,0.007038652,0.0,0.0,0.0,0.0,0.0014966028,0.0076307273,0.0,0.00024042279,0.06725042,0.07857233,0.0014867813,0.0,0.0,0.0,0.0,0.0,0.054121662,0.055283014,0.03154603,0.0317025,0.0,0.0,0.06610036,0.0,0.0,0.0,0.0,0.003220601,0.022689855,0.01642365,0.0
0.0064471364,0.029458206,0.0,0.16216914,0.0009870827,0.0,0.01607989,0.0072291195,0.027923707,0.20432767,0.0,0.0,0.0,0.01626886,0.0077775856,0.0,0.00022528763,0.018238137,0.014233161,0.04792005,0.0061307997,0.0,0.0,0.0,0.0,0.001999124,0.008042177,0.0,0.00034359097,0.06737019,0.07889468,0.0017389683,0.0,0.0,0.0,0.0,0.0,0.05445479,0.055744033,0.03180646,0.032093666,0.0,0.0,0.066293195,0.0,0.0,0.0,0.0,0.0030054841,0.022985918,0.016654227,0.0
0.0063162595,0.029597852,0.0,0.16307698,0.0,0.0,0.017253892,0.0071265996,0.028075185,0.20507391,0.0,0.0,0.0,0.017423632,0.008095456,0.0,0.0003524616,0.01904696,0.013886683,0.048253074,0.005512924,0.0,0.0,0.0,0.0,0.0027306052,0.00873067,3.019441e-05,0.00045163278,0.06768268,0.079406425,0.0019714548,0.0,0.0,0.0,0.0,0.0,0.05525854,0.05665953,0.03228679,0.032736145,0.0,0.0,0.06633524,0.0,0.0,0.0,0.0,0.0028899275,0.0236334,0.01722854,0.0
0.0061465204,0.029585313,0.0,0.16241385,0.0,0.0,0.018531086,0.006959617,0.028085392,0.20446604,0.0,0.0,0.0,0.018710978,0.00835892,0.0,0.0004879015,0.019949943,0.013812566,0.04958033,0.0052645835,0.0,0.0,0.0,0.0,0.0037290854,0.009791605,0.0001069475,0.00056474283,0.06813476,0.080055304,0.0023009882,0.0,0.0,0.0,0.0,0.0,0.05604039,0.05749001,0.032658707,0.033242203,0.0,0.0,0.06639688,0.0,0.0,0.0,0.0,0.0029578842,0.024359882,0.01790651,0.0
0.0065418035,0.029246055,0.0,0.16078892,0.0,0.0,0.019513236,0.0073365867,0.02777021,0.20322104,0.0,0.0,0.0,0.019722467,0.008628748,0.0,0.0006641161,0.020912863,0.014065561,0.0516727,0.005488699,0.0,0.0,0.0,0.0,0.0048065446,0.011025555,0.0002262462,0.00070326775,0.06885132,0.08097913,0.002817966,0.0,0.0,0.0,0.0,0.0,0.056828246,0.0582539,0.03300392,0.033666905,0.0,0.0,0.0665483,0.0,0.0,0.0,0.0,0.0031785648,0.024840565,0.018414315,0.0
0.007957116,0.028965998,0.0,0.1583572,0.0,0.0,0.019435206,0.008731827,0.027508687,0.20151104,0.0,0.0,0.0,0.019671524,0.008979742,0.0,0.00086903083,0.021902522,0.014609756,0.053801026,0.0058481134,0.0,0.0,0.0,0.0,0.0056771627,0.012118624,0.00043696724,0.0009292867,0.06980926,0.082155116,0.0036144038,0.0,0.0,0.0,0.0,0.0,0.057736002,0.059110686,0.03335716,0.034066953,0.0,0.0,0.066584736,0.0,0.0,0.0,0.0,0.0034304317,0.02515991,0.018886719,0.0
0.009204403,0.02831097,0.0,0.1562053,0.0,0.0,0.018596038,0.00996846,0.026859604,0.20032412,0.0,0.0,0.0,0.01885882,0.009387786,0.0,0.0011408706,0.02296121,0.015216447,0.05577387,0.0062968535,0.0,0.0,0.0,0.0,0.0062359963,0.012873992,0.00066908635,0.0011655986,0.0707793,0.08333473,0.004424807,0.0,0.0,0.0,0.0,0.0,0.058775123,0.060077075,0.033752337,0.034490034,0.0,0.0,0.06645333,0.0,0.0,0.0,0.0,0.003583366,0.02523802,0.019194063,0.0
0.009853542,0.027439099,0.0,0.1543631,0.0,0.0,0.017520681,0.010614634,0.025987871,0.19949807,0.0,0.0,0.0,0.017800609,0.009780699,0.0,0.0014522786,0.023889806,0.015689038,0.057413917,0.006609147,0.0,0.0,0.0,0.0,0.0064092744,0.0131870685,0.0008721221,0.0013637152,0.071586326,0.084276125,0.005000498,0.0,0.0,0.0,0.0,0.0,0.059914865,0.061128993,0.034294374,0.03506032,0.0,0.0,0.06629769,0.0,0.0,0.0,0.0,0.0036428105,0.025394564,0.019564085,0.0
0.010029972,0.026495352,0.0,0.15336125,0.0,0.0,0.016594442,0.010795087,0.025039889,0.19932218,0.0,0.0,0.0,0.01685212,0.010155298,0.0,0.0017701883,0.024664048,0.016020454,0.058439154,0.0066340077,0.0,0.0,0.0,0.0,0.0063698217,0.013237083,0.0010581808,0.0015464155,0.072324276,0.085092105,0.005432938,0.0,0.0,0.0,0.0,0.0,0.061160106,0.06230083,0.03490531,0.035693333,0.0,0.0,0.06627867,0.0,0.0,0.0,0.0,0.003611505,0.025498593,0.01979943,0.0
0.009823203,0.02548093,0.0,0.15356465,0.0,0.0,0.01582505,0.010601491,0.024018861,0.19994165,0.0,0.0,0.0,0.016038543,0.01045825,0.0,0.0020294082,0.024890453,0.01617751,0.058629073,0.006200221,0.0,0.0,0.0,0.0,0.0066332156,0.01354978,0.0011943532,0.0016819118,0.072957166,0.085749306,0.005817986,0.0,0.0,0.0,0.0,0.0,0.062081747,0.06317032,0.035473533,0.036281783,0.0,0.0,0.06635763,0.0,0.0,0.0,0.0,0.0035241675,0.025426641,0.01976367,0.0
0.009743035,0.02500556,0.0,0.1541687,0.0,0.0,0.014682496,0.010543689,0.023535192,0.20059544,0.0,0.0,0.0,0.014834117,0.010661647,0.0,0.0022085488,0.024976883,0.016197119,0.0586332,0.005690723,0.0,0.0,0.0,0.0,0.006907752,0.013787557,0.0012781853,0.0017813221,0.07346735,0.08625463,0.0060974583,0.0,0.0,0.0,0.0,0.0,0.06299244,0.06407483,0.03600393,0.036863238,0.0,0.0,0.0662141,0.0,0.0,0.0,0.0,0.0033702143,0.025520314,0.019896999,0.0
0.009142801,0.024551265,0.0,0.15535975,0.0,0.0,0.013630357,0.009968266,0.023070265,0.20166075,0.0,0.0,0.0,0.01373638,0.010635853,0.0,0.002329581,0.024542987,0.016067736,0.058348287,0.005118024,0.0,0.0,0.0,0.0,0.0073313154,0.014089506,0.0012580967,0.0017762613,0.07362798,0.08637348,0.0061663217,0.0,0.0,0.0,0.0,0.0,0.063245505,0.064334,0.03623395,0.037131194,0.0,0.0,0.06595498,0.0,0.0,0.0,0.0,0.0031985827,0.025562948,0.0199414,0.0
0.0086090565,0.024245474,0.0,0.15669559,0.0,0.0,0.0126950275,0.009458512,0.022752795,0.20278706,0.0,0.0,0.0,0.0127715655,0.010418719,0.0,0.0023678325,0.02382569,0.015802529,0.05777356,0.0046135793,0.0,0.0,0.0,0.0,0.0075352825,0.014129581,0.0011508744,0.0016822647,0.07348599,0.08614152,0.0059696953,0.0,0.0,0.0,0.0,0.0,0.06300176,0.06411503,0.03619817,0.037125632,0.0,0.0,0.065599605,0.0,0.0,0.0,0.0,0.0029978622,0.02551781,0.019888114,0.0
0.008177385,0.023877557,0.0,0.15873712,0.0,0.0,0.011796119,0.009056717,0.022366684,0.2046729,0.0,0.0,0.0,0.011857362,0.010079974,0.0,0.0023319202,0.022725215,0.015453531,0.056424335,0.003952191,0.0,0.0,0.0,0.0,0.0077629555,0.014197687,0.0009706784,0.0015122853,0.07308865,0.08565237,0.005731687,0.0,0.0,0.0,0.0,0.0,0.06211134,0.06327904,0.035821915,0.036759887,0.0,0.0,0.06511542,0.0,0.0,0.0,0.0,0.0027318373,0.025150668,0.019504586,0.0
0.008022249,0.023644228,0.0,0.161201,0.0,0.0,0.010707965,0.008938089,0.022109289,0.20707761,0.0,0.0,0.0,0.010783153,0.00966154,0.0,0.002234877,0.02149551,0.015068028,0.054656774,0.0035169101,0.0,0.0,0.0,0.0,0.007834496,0.014137687,0.0006827405,0.0012287283,0.072413504,0.084876776,0.005313373,0.0,0.0,0.0,0.0,0.0,0.060756348,0.062006682,0.03518853,0.0361493,0.0,0.0,0.06437415,0.0,0.0,0.0,0.0,0.002396265,0.02461224,0.019023975,0.0
0.0071969926,0.023384694,0.0,0.1642504,0.0,0.0,0.0098167565,0.008153498,0.021820903,0.21031044,0.0,0.0,0.0,0.009919876,0.009248078,0.0,0.0021347562,0.02037811,0.014539517,0.052552357,0.0031616073,0.0,0.0,0.0,0.0,0.007745415,0.013942138,0.00030067284,0.00084886234,0.071487404,0.08387107,0.004708018,0.0,0.0,0.0,0.0,0.0,0.059284646,0.060657423,0.034488607,0.035491917,0.0,0.0,0.06341519,0.0,0.0,0.0,0.0,0.0019697808,0.024093784,0.018576015,0.0
0.005758047,0.022805877,0.0,0.16778189,0.0,0.0,0.009652253,0.006745979,0.021212872,0.21430153,0.0,0.0,0.0,0.009804923,0.0088388175,0.0,0.0020685846,0.01932526,0.013832887,0.050221115,0.0027594683,0.0,0.0,0.0,0.0,0.007771911,0.013902446,0.0,0.00036425889,0.070356116,0.08268632,0.0038713245,0.0,0.0,0.0,0.0,0.0,0.05767739,0.059201486,0.03374506,0.03480076,0.0,0.0,0.06236638,0.0,0.0,0.0,0.0,0.0015725661,0.023467645,0.017984448,0.0
0.0042404532,0.022200815,0.0,0.17113027,0.0,0.0,0.010018295,0.005245477,0.020582236,0.21837398,0.0,0.0,0.0,0.0102122165,0.0085804835,0.0,0.0020357368,0.018787429,0.012898884,0.0483453,0.0023525022,0.0,0.0,0.0,0.0,0.0077540977,0.0138171185,0.0,0.0,0.06935074,0.081658185,0.0028999513,0.0,0.0,0.0,0.0,0.0,0.05671844,0.058429774,0.03347054,0.034610186,0.0,0.0,0.06129286,0.0,0.0,0.0,0.0,0.0012196023,0.023080561,0.017565753,0.0
0.0036588311,0.022065427,0.0,0.17322108,0.0,0.0,0.010389149,0.0046643615,0.020429224,0.22142711,0.0,0.0,0.0,0.0106139835,0.008482507,0.0,0.0020355755,0.018860813,0.012088563,0.047532834,0.002217391,0.0,0.0,0.0,0.0,0.0076139504,0.013639591,0.0,0.0,0.068709716,0.0810402,0.0020149536,0.0,0.0,0.0,0.0,0.0,0.056568474,0.058476456,0.033595525,0.034839056,0.0,0.0,0.06028513,0.0,0.0,0.0,0.0,0.001029294,0.023129957,0.017565617,0.0
0.0038992316,0.022340309,0.0,0.17410177,0.0,0.0,0.010422749,0.0048994273,0.020688854,0.2234402,0.0,0.0,0.0,0.010668345,0.00850979,0.0,0.002078874,0.01948127,0.011740071,0.04806583,0.0027944213,0.0,0.0,0.0,0.0,0.0070436886,0.013096869,0.0,0.0,0.06858419,0.081007645,0.0013312718,0.0,0.0,0.0,0.0,0.0,0.057064787,0.05912781,0.03391011,0.035247903,0.0,0.0,0.05954463,0.0,0.0,0.0,0.0,0.0010093693,0.023431009,0.017901938,0.0
0.003668949,0.022076149,0.0,0.17577563,0.0,0.0,0.01095669,0.004668087,0.020404965,0.2263621,0.0,0.0,0.0,0.0112064965,0.008615116,0.0,0.00220576,0.02037055,0.011718792,0.049160406,0.0034076108,0.0,0.0,0.0,0.0,0.0065020295,0.01248874,0.0,0.0,0.06887266,0.0814775,0.00094570103,0.0,0.0,0.0,0.0,0.0,0.057805493,0.059968323,0.034261502,0.035636276,0.0,0.0,0.059316043,0.0,0.0,0.0,0.0,0.001182016,0.023658546,0.018120658,0.0
0.003962517,0.02168215,0.0,0.1776128,0.00028449856,0.0,0.0114692,0.0049676,0.019989446,0.22940342,0.0,0.0,0.0,0.011727095,0.0087467935,0.0,0.0023607723,0.02133252,0.011940675,0.050805457,0.0039229384,0.0,0.0,0.0,0.0,0.005921075,0.011773644,0.0,0.0,0.06950195,0.08232555,0.00077872025,0.0,0.0,0.0,0.0,0.0,0.058831263,0.061037038,0.034654982,0.036051434,0.0,0.0,0.05939322,0.0,0.0,0.0,0.0,0.0014907569,0.02386738,0.018332863,0.0
0.0040918887,0.021115534,0.0,0.18047224,0.0024246816,0.0,0.012320591,0.005110204,0.019403722,0.23316535,0.0,0.0011073416,0.0,0.012570245,0.008941545,0.0,0.0025157833,0.022384282,0.01233665,0.052816335,0.0043517007,0.0,0.0,0.0,0.0,0.005358342,0.010999408,0.0,0.0,0.07047273,0.083510935,0.0008445757,0.0,0.0,0.0,0.0,0.0,0.060102876,0.062285505,0.0352277,0.036620878,0.0,0.0,0.06005996,0.0,0.0,0.0,0.0,0.0018815175,0.024155416,0.018574212,0.0
0.004624322,0.020969518,0.0,0.18336521,0.0049598916,0.0,0.01278118,0.005665198,0.019243237,0.23659915,0.0,0.0036563408,0.0,0.013028095,0.009126777,0.0,0.0026476989,0.02319369,0.013091136,0.054849554,0.004788814,0.0,0.0,0.0,0.0,0.0049043978,0.010428684,0.0,0.0,0.07162799,0.0848835,0.0012555828,0.0,0.0,0.0,0.0,0.0,0.06110798,0.0632074,0.03548502,0.036865823,0.0,0.0,0.061062656,0.0,0.0,0.0,0.0,0.002373878,0.024540061,0.018998839,0.0
0.0037562698,0.020314086,0.0,0.1879086,0.008833308,0.0,0.01361035,0.0048327297,0.018568143,0.24140076,0.0,0.0075613623,0.0,0.013852894,0.009255711,0.0,0.0027888818,0.023431245,0.013835421,0.055885393,0.004743348,0.0,0.0,0.0,0.0,0.004938691,0.010328835,0.0,0.0003018286,0.07260248,0.08608349,0.0018921061,0.0,0.0,0.0,0.0,0.0,0.061211713,0.063211545,0.035329204,0.036666263,0.0,0.0,0.06234929,0.0,0.0,0.0,0.0,0.0028626882,0.024653297,0.019166252,0.0
0.0017860532,0.01923107,0.0,0.19331828,0.012234392,0.0,0.014831232,0.0028976053,0.017464183,0.24692313,0.0,0.0110078715,0.0,0.015079705,0.009363978,0.0,0.002920835,0.023255162,0.014129084,0.055892773,0.0039649997,0.0,0.0,0.0,0.0,0.0055963686,0.010778472,0.0,0.00052186847,0.07304608,0.08671475,0.0024591899,0.0,0.0,0.0,0.0,0.0,0.060724866,0.06268763,0.035039485,0.03635823,0.0,0.0,0.06331377,0.0,0.0,0.0,0.0,0.0032601114,0.024746811,0.019238431,0.0
1.7136335e-05,0.018430322,0.0,0.19764782,0.014013808,0.0,0.015931334,0.0011467636,0.01664916,0.2512914,0.0,0.012813264,0.0,0.016192093,0.00951793,0.0,0.003007491,0.023114476,0.01399855,0.055799905,0.0031307638,0.0,0.0,0.0,0.0,0.006272829,0.011288045,0.0,0.0006144168,0.07307904,0.08684343,0.0027405582,0.0,0.0,0.0,0.0,0.0,0.06042119,0.06241701,0.035024527,0.0363924,0.0,0.0,0.06377174,0.0,0.0,0.0,0.0,0.0034911,0.025024174,0.019455925,0.0
0.0,0.017869838,0.0,0.20084526,0.014818587,0.0,0.016860148,0.0,0.016078241,0.2545471,0.0,0.013611161,0.0,0.017111788,0.009752748,0.0,0.0030899572,0.0231512,0.013726621,0.055890173,0.0025692703,0.0,0.0,0.0,0.0,0.006794244,0.011728253,0.0,0.0006475244,0.073046215,0.08684914,0.0029211566,0.0,0.0,0.0,0.0,0.0,0.060524553,0.06258714,0.035345808,0.036788132,0.0,0.0,0.06402047,0.0,0.0,0.0,0.0,0.0036287121,0.025372226,0.019712202,0.0
0.0,0.017793667,0.0,0.2017788,0.014352542,0.0,0.017124435,0.0,0.01599766,0.25559947,0.0,0.013115501,0.0,0.017361358,0.010013945,0.0,0.0031561074,0.023255317,0.01347846,0.056173954,0.0021902034,0.0,0.0,0.0,0.0,0.007032453,0.012005869,7.6089054e-06,0.00068392605,0.072969794,0.08676066,0.0030797864,0.0,0.0,0.0,0.0,0.0,0.06096619,0.063110456,0.035776444,0.037316747,0.0,0.0,0.06391162,0.0,0.0,0.0,0.0,0.0036839582,0.025788246,0.020062465,0.0
0.0,0.017496854,0.0,0.20235372,0.014044378,0.0,0.017767033,0.0,0.015700925,0.25618556,0.0,0.012763055,0.0,0.01796337,0.010235424,0.0,0.0032290714,0.02352559,0.013245953,0.056672085,0.0019905071,0.0,0.0,0.0,0.0,0.007172048,0.012121128,3.7685037e-05,0.0007094247,0.073010296,0.08673933,0.003116276,0.0,0.0,0.0,0.0,0.0,0.061695777,0.06388978,0.03637425,0.037974194,0.0,0.0,0.064003795,0.0,0.0,0.0,0.0,0.0037051942,0.025951138,0.020082787,0.0
0.0,0.01740865,0.0,0.20184112,0.013425014,0.0,0.01837495,0.0,0.015624344,0.25543478,0.0,0.0121050095,0.0,0.018541424,0.010347685,0.0,0.0032436093,0.023911979,0.01330682,0.058071434,0.0024258255,0.0,0.0,0.0,0.0,0.0073920973,0.01240923,1.7975457e-05,0.0006764373,0.073127806,0.08673287,0.003000665,0.0,0.0,0.0,0.0,0.0,0.06255403,0.06470671,0.03679872,0.03843692,0.0,0.0,0.06408341,0.0,0.0,0.0,0.0,0.003752565,0.025966581,0.019997474,0.0
0.0,0.017440986,0.0,0.20060447,0.012803933,0.0,0.019149259,0.0,0.015680987,0.25378928,0.0,0.011437045,0.0,0.019295316,0.010383988,0.0,0.0032198452,0.024221998,0.013664602,0.060118135,0.0033944466,0.0,0.0,0.0,0.0,0.007736831,0.012936459,0.0,0.00061720517,0.073308036,0.08676274,0.0028794939,0.0,0.0,0.0,0.0,0.0,0.063192256,0.06521276,0.037027597,0.03866457,0.0,0.0,0.0644139,0.0,0.0,0.0,0.0,0.003844455,0.02595564,0.019939527,0.0
0.0,0.01777156,0.0,0.19828764,0.0123210475,0.0,0.019558921,0.0,0.016042888,0.2510739,0.0,0.010925073,0.0,0.019709777,0.01038773,0.0,0.0031839975,0.024162125,0.014339125,0.062131852,0.0045416397,0.0,0.0,0.0,0.0,0.00827064,0.013835246,0.0,0.00058390293,0.0735389,0.08687583,0.0029897597,0.0,0.0,0.0,0.0,0.0,0.063251175,0.06508372,0.0368421,0.038452283,0.0,0.0,0.06482859,0.0,0.0,0.0,0.0,0.00398851,0.025769385,0.019880189,0.0
0.0,0.018281307,0.0,0.19533844,0.011879998,0.0,0.019636739,0.0,0.016583215,0.24788791,0.0,0.010481092,0.0,0.019799504,0.01041914,0.0,0.003166417,0.024039801,0.0150575815,0.06369841,0.0055801626,0.0,0.0,0.0,0.0,0.008752637,0.014687528,1.6472302e-05,0.00058772136,0.073673636,0.08693852,0.003226087,0.0,0.0,0.0,0.0,0.0,0.06297991,0.0646406,0.036476705,0.038056787,0.0,0.0,0.06516341,0.0,0.0,0.0,0.0,0.004054019,0.025570204,0.019920975,0.0
0.0,0.018615209,0.0,0.19268255,0.011881047,0.0,0.019473938,0.00056928396,0.01693508,0.24523193,0.0,0.010507925,0.0,0.019633187,0.010536978,0.0,0.0031984851,0.024112197,0.015781838,0.06465769,0.0064492496,0.0,0.0,0.0,0.0,0.008970466,0.015245615,8.051284e-05,0.0006278623,0.07387914,0.08715816,0.003561636,0.0,0.0,0.0,0.0,0.0,0.062719725,0.06424829,0.036070265,0.037626654,0.0,0.0,0.06545595,0.0,0.0,0.0,0.0,0.004006326,0.025157074,0.019820746,0.0
0.00041374564,0.018844027,0.0,0.18994017,0.011418408,0.0,0.018810162,0.0013091862,0.01716867,0.24276221,0.0,0.010084996,0.0,0.018961318,0.0107636005,0.0,0.0032813991,0.024339424,0.016340151,0.065090775,0.0068754237,0.0,0.0,0.0,0.0,0.008955265,0.015536586,0.00013765786,0.0006803181,0.07398483,0.08736626,0.0039596325,0.0,0.0,0.0,0.0,0.0,0.06264471,0.06411605,0.035737917,0.037318572,0.0,0.0,0.06530046,0.0,0.0,0.0,0.0,0.003791364,0.024802227,0.01981275,0.0
0.00086657703,0.018984374,0.0,0.18737614,0.010502981,0.0,0.017959507,0.0017808527,0.017305244,0.24070114,0.0,0.009188048,0.0,0.018086275,0.011121877,0.0,0.0034513706,0.024588706,0.016524572,0.06480934,0.0066407626,0.0,0.0,0.0,0.0,0.008698738,0.015443058,0.00024518557,0.000804537,0.07414169,0.08768829,0.0043997504,0.0,0.0,0.0,0.0,0.0,0.06287153,0.064383134,0.035826683,0.03746604,0.0,0.0,0.065042734,0.0,0.0,0.0,0.0,0.0034749135,0.024642121,0.019922554,0.0
0.0016173124,0.019171938,0.0,0.18495832,0.009475472,0.0,0.016803348,0.0025595129,0.017481029,0.23883289,0.0,0.008180396,0.0,0.016906248,0.011479577,0.0,0.0036701243,0.024721082,0.016434502,0.06402249,0.0059419116,0.0,0.0,0.0,0.0,0.008346867,0.015129615,0.00037833583,0.00096741505,0.07437702,0.088105306,0.004851386,0.0,0.0,0.0,0.0,0.0,0.063273765,0.064886466,0.036101095,0.03781849,0.0,0.0,0.064612955,0.0,0.0,0.0,0.0,0.0031271465,0.024489613,0.019995267,0.0
0.0019747019,0.01926905,0.0,0.18311599,0.0081513245,0.0,0.015825026,0.002942264,0.017564356,0.23744386,0.0,0.0068632457,0.0,0.01589194,0.011767544,0.0,0.0038723988,0.024923649,0.016041368,0.062894665,0.0048747826,0.0,0.0,0.0,0.0,0.007983268,0.014593086,0.00052379724,0.0011509173,0.074574836,0.08845088,0.0051833442,0.0,0.0,0.0,0.0,0.0,0.06385827,0.06561853,0.036544118,0.038333938,0.0,0.0,0.06417702,0.0,0.0,0.0,0.0,0.0027563516,0.024559826,0.020120304,0.0
0.0017373264,0.019251179,0.0,0.18161936,0.0072265277,0.0,0.015399948,0.0027178228,0.017540336,0.23601031,0.0,0.005912246,0.0,0.015437173,0.011948241,0.0,0.0040080776,0.025184013,0.015610206,0.06215036,0.0039651506,0.0,0.0,0.0,0.0,0.007760643,0.014166938,0.00061411876,0.0012817914,0.074794434,0.08876027,0.005344237,0.0,0.0,0.0,0.0,0.0,0.06458106,0.06646038,0.036970418,0.0388157,0.0,0.0,0.06391642,0.0,0.0,0.0,0.0,0.0024783742,0.024607494,0.020115994,0.0
0.0016415417,0.01952286,0.0,0.17975384,0.0062564537,0.0,0.015494192,0.0026142448,0.01782789,0.23377195,0.0,0.0048822984,0.0,0.015522797,0.011979394,0.0,0.0040673823,0.025201479,0.015212894,0.061967835,0.0033912065,0.0,0.0,0.0,0.0,0.007927453,0.014121264,0.0006557703,0.001361331,0.074879706,0.08886284,0.005380474,0.0,0.0,0.0,0.0,0.0,0.06511316,0.06706643,0.037286088,0.039154075,0.0,0.0,0.0639403,0.0,0.0,0.0,0.0,0.0023612827,0.024893977,0.020254876,0.0
0.0022438765,0.020123757,0.0,0.1771414,0.0060028406,0.0,0.015776062,0.0031928122,0.018467214,0.23034221,0.0,0.004543295,0.0,0.015814144,0.011865771,0.0,0.0040472713,0.024757091,0.015011652,0.062022492,0.0033310468,0.0,0.0,0.0,0.0,0.008265012,0.014317773,0.00066647585,0.0014018249,0.074910626,0.08883437,0.0054109693,0.0,0.0,0.0,0.0,0.0,0.06517382,0.067139566,0.03735529,0.039195765,0.0,0.0,0.06441073,0.0,0.0,0.0,0.0,0.0024219025,0.025171783,0.02038511,0.0
0.0032499582,0.020658847,0.0,0.17359184,0.0058822418,0.0,0.015947426,0.004163757,0.019058581,0.22559497,0.0,0.004345393,0.0,0.01601435,0.011633493,0.0,0.003943111,0.023963489,0.014900059,0.06177182,0.0034869001,0.0,0.0,0.0,0.0,0.008818125,0.014750605,0.0006626081,0.0014128312,0.07467956,0.0884732,0.0054883985,0.0,0.0,0.0,0.0,0.0,0.0646903,0.06662276,0.037081216,0.038851224,0.0,0.0,0.06500045,0.0,0.0,0.0,0.0,0.0025196262,0.025353909,0.020376097,0.0
0.0035241097,0.020730793,0.0,0.16955133,0.0064405687,0.0,0.016437225,0.004395187,0.019200552,0.21982493,0.0,0.0048097475,0.0,0.01650692,0.011366585,0.0,0.0037694117,0.023355613,0.014768068,0.061565943,0.003880179,0.0,0.0,0.0,0.0,0.009325555,0.015045167,0.00057539064,0.0013375692,0.07426596,0.08785445,0.005420028,0.0,0.0,0.0,0.0,0.0,0.06436047,0.06621491,0.036853112,0.03852998,0.0,0.0,0.06569377,0.0,0.0,0.0,0.0,0.0025896896,0.025349304,0.020104704,0.0
0.0033013523,0.020037986,0.0,0.16596675,0.009397073,0.0,0.017723229,0.0041270256,0.018591274,0.21370767,0.0,0.007669513,0.0,0.017773895,0.01103825,0.0,0.0035856757,0.022755576,0.014649558,0.061860915,0.00463079,0.0,0.0,0.0,0.0,0.010230245,0.015599631,0.0002989974,0.0010728547,0.07381655,0.08717193,0.005127998,0.0,0.0,0.0,0.0,0.0,0.064292416,0.06597219,0.036754426,0.038314104,0.0,0.0,0.06657925,0.0,0.0,0.0,0.0,0.0027259197,0.024661917,0.01914634,0.0
