EyeBlinkLeft,EyeLookDownLeft,EyeLookInLeft,EyeLookOutLeft,EyeLookUpLeft,EyeSquintLeft,EyeWideLeft,EyeBlinkRight,EyeLookDownRight,EyeLookInRight,EyeLookOutRight,EyeLookUpRight,EyeSquintRight,EyeWideRight,JawForward,JawRight,JawLeft,JawOpen,MouthClose,MouthFunnel,MouthPucker,MouthRight,MouthLeft,MouthSmileLeft,MouthSmileRight,MouthFrownLeft,MouthFrownRight,MouthDimpleLeft,MouthDimpleRight,MouthStretchLeft,MouthStretchRight,MouthRollLower,MouthRollUpper,MouthShrugLower,MouthShrugUpper,MouthPressLeft,MouthPressRight,MouthLowerDownLeft,MouthLowerDownRight,MouthUpperUpLeft,MouthUpperUpRight,BrowDownLeft,BrowDownRight,BrowInnerUp,BrowOuterUpLeft,BrowOuterUpRight,CheekPuff,CheekSquintLeft,CheekSquintRight,NoseSneerLeft,NoseSneerRight,TongueOut
0.0104308855,0.0077182637,0.06945187,0.026158072,0.0,0.02047576,0.025948258,0.010662091,0.007875529,0.054528113,0.05653503,0.0,0.020531684,0.026924692,0.0004995119,0.0,0.0,0.0,0.010702012,0.016400207,0.011704149,0.0,0.0,0.0,0.0,0.027047072,0.027412342,0.0058110664,0.006266377,0.025076317,0.029853709,0.014566697,0.0,0.037244037,0.02445211,0.017538374,0.01632269,0.00545472,0.0044273343,0.011220675,0.011478191,0.07510454,0.07474357,0.014846807,0.0,0.0,0.010493009,0.017477231,0.01789767,0.046155483,0.054329544,0.0
0.030382983,0.0074718827,0.08090536,0.024147145,0.0,0.02140779,0.030408515,0.029810261,0.007888658,0.057988364,0.06810806,0.0,0.02141145,0.031127807,0.0,0.0,0.0,0.0,0.008459578,0.013123691,0.016877942,0.0,0.0,0.0,0.0,0.031717263,0.03152165,0.004617135,0.005066462,0.025513206,0.030950222,0.012881003,0.0,0.04283829,0.029195696,0.018662918,0.016974008,0.0070915604,0.0067179957,0.011047049,0.011243717,0.075315565,0.0752464,0.014169692,0.0,0.0,0.01045728,0.013322327,0.013345199,0.04059351,0.048349258,0.0
0.049870446,0.015902996,0.090200886,0.016066056,0.0064141904,0.02026712,0.026608685,0.04910144,0.016441558,0.05431252,0.07676739,0.005339097,0.020174325,0.027641289,0.0,0.0,0.0002296078,0.0,0.0048928037,0.010130963,0.020231046,0.0,0.0,0.0,0.0,0.03204925,0.03025594,0.0050924364,0.0058445465,0.026611313,0.034057688,0.012271309,0.0,0.041469842,0.029671367,0.01761888,0.015223308,0.011563263,0.01186749,0.011463691,0.012205615,0.06030035,0.060425133,0.018103708,0.0,0.0,0.009035757,0.008565379,0.008855987,0.03308381,0.039926488,0.0
0.035199985,0.009641743,0.08688954,0.01998917,0.024966747,0.01778575,0.017397797,0.035174884,0.009969394,0.05954846,0.07561492,0.024752289,0.017637536,0.019360498,0.0,0.0,0.0015960825,0.0,0.0027052788,0.017832255,0.015250633,0.0,0.0,0.0,0.0,0.029364768,0.028228138,0.0032330663,0.0043347143,0.02723662,0.03634176,0.0110701155,0.0,0.026552267,0.020623483,0.009489097,0.006989956,0.01346433,0.013795383,0.009537458,0.010045551,0.035378113,0.035395276,0.019196676,0.0,0.0,0.0059295795,0.006383568,0.0072713853,0.022741798,0.026340453,0.0
0.024644174,0.0,0.082244724,0.024847683,0.03562008,0.016290102,0.0048500486,0.024923053,0.0,0.062257756,0.074394874,0.035175465,0.016168706,0.0072828503,0.0,0.0,0.0019852552,0.0,0.0,0.029932639,0.007557039,0.0,0.0,0.0,0.0,0.023884812,0.024181824,0.0,0.0,0.029485576,0.038360953,0.006034891,0.0,0.0150374975,0.015298229,0.0030920354,0.0007008896,0.019874824,0.020356573,0.01477306,0.014838759,0.024739476,0.0244438,0.014489024,0.0,0.0,0.003580985,0.008506045,0.009271984,0.019328017,0.019564914,0.0
0.073517956,0.007171843,0.1125692,0.01616374,0.030469092,0.027380578,0.0021358319,0.07370141,0.007399565,0.04670514,0.10025488,0.029724814,0.027546871,0.0039606486,0.0,0.0,0.0,0.0,0.0,0.0,0.0,0.0,0.0,0.0,0.0,0.039008804,0.036298066,0.0016813609,0.002458835,0.013702597,0.01763073,0.026144803,0.0,0.042523727,0.03250203,0.015263593,0.012567056,0.0,0.0,0.0,0.0,0.055869825,0.055438064,0.009468062,0.0,0.0,0.0,0.016867708,0.015869029,0.03000009,0.03125689,0.0
0.08000265,0.022115925,0.107363686,0.017924463,0.024903571,0.027344849,0.010423633,0.08045001,0.022432476,0.055325165,0.0909875,0.023815073,0.027609209,0.011247076,0.0,0.0,0.0,0.0,0.0,0.0,0.0,0.0,0.0,0.0,0.0,0.032711353,0.022575365,0.005068193,0.006551796,0.01783758,0.021447504,0.037592903,0.0,0.050252497,0.04174307,0.02550358,0.023640223,0.0,0.0,0.0,0.0,0.06185264,0.061558142,0.015090862,0.0,0.0,0.0,0.020271633,0.021327555,0.04115768,0.043874085,0.0
0.041160338,0.01303274,0.07593355,0.031173358,0.032600734,0.03420787,0.0032699741,0.042014282,0.013078821,0.074824244,0.06515824,0.031292982,0.034412585,0.0034910184,0.0033102524,0.0,0.0,0.0,0.0,0.0,0.0,0.0,0.0,0.0,0.0,0.02940078,0.013415609,0.007173491,0.009144656,0.029812887,0.033883195,0.046686757,0.0,0.05672743,0.04659579,0.034385126,0.03339316,0.0,0.0,0.0040811743,0.007114823,0.08904351,0.08881607,0.020342099,0.0,0.0,0.0,0.0327476,0.034716018,0.058604844,0.06466211,0.0
0.034684103,0.00495773,0.062093776,0.037654407,0.04051294,0.04331472,0.0,0.03534005,0.004891459,0.080320746,0.055089712,0.039178204,0.04342006,0.0,0.009762417,0.0,0.0,0.00094183907,0.0049968017,0.0,0.0,0.0,0.0,0.0,0.0008522682,0.02166892,0.0035331473,0.008692068,0.010742129,0.040693898,0.04548949,0.050734088,0.0,0.06184113,0.046160407,0.038785324,0.0378176,0.013940225,0.013735496,0.014689127,0.018948996,0.1178723,0.11761628,0.027765693,0.0,0.0,0.0054164412,0.050862662,0.05182829,0.074964136,0.0852509,0.0
0.047770478,0.0,0.053925514,0.039667845,0.040438272,0.048087817,0.0,0.048017826,0.0,0.079734415,0.047577992,0.039188705,0.048139997,0.0,0.009985339,0.0,0.0,0.0050956383,0.016365599,0.010389534,0.010852925,0.0,0.0,0.0,0.0037613884,0.011064868,0.0,0.008659062,0.010644182,0.04422969,0.04990218,0.049349107,0.0,0.061749026,0.04153865,0.035681073,0.034517407,0.007461942,0.0061503146,0.009195216,0.012633635,0.12945306,0.12920547,0.034292433,0.0,0.0,0.0069319727,0.06263778,0.06215855,0.08146154,0.09386048,0.0
0.048408024,0.0,0.038374163,0.041102894,0.040816188,0.048382394,0.0,0.048499234,0.0,0.081680045,0.032187343,0.03966114,0.04845951,0.0,0.0076635843,0.0,0.0,0.0021813856,0.023072423,0.013623434,0.017613519,0.0,0.0,0.0,0.0013117064,0.0024991222,0.0,0.0071483776,0.009289212,0.04368407,0.050932065,0.047250196,0.0,0.060841843,0.0381415,0.031650595,0.030433504,0.0,0.0,0.001158826,0.0036979094,0.1274321,0.12715629,0.03852193,0.0,0.0,0.007063881,0.06693421,0.06573555,0.08495779,0.09833467,0.0
0.049596045,0.0,0.023858864,0.0378462,0.04468625,0.04756561,0.0,0.049629353,0.0,0.08033917,0.017649503,0.04344508,0.047705,0.0,0.0061102947,0.0,0.0,0.0,0.025834963,0.00985752,0.021506093,0.0,0.0,0.0,0.0,0.0,0.0,0.0058813854,0.008201371,0.042250946,0.050734356,0.046032153,0.0,0.060915135,0.036954977,0.030019064,0.02880276,0.0,0.0,0.0,0.0,0.12282413,0.122464344,0.040712647,0.0,0.0,0.0078468565,0.068321094,0.06699799,0.08877316,0.10317457,0.0
0.06081434,0.0,0.011620767,0.029340088,0.04751844,0.047502585,0.0,0.060826153,0.0,0.07395681,0.005535111,0.046097923,0.04770398,0.0,0.0055036293,0.0,0.0,0.0,0.025967255,0.0010827053,0.022345465,0.0,0.0,0.0,0.0,0.0,0.0,0.0052798158,0.0076678256,0.04079886,0.049777035,0.045692645,0.0,0.060874306,0.036568485,0.029856896,0.028586252,0.0,0.0,0.0,0.0,0.12016224,0.11970422,0.0424681,0.0,0.0,0.008255678,0.069428,0.06818065,0.091346644,0.10664944,0.0
0.073477454,0.0,0.0,0.023226872,0.048854057,0.04829321,0.0,0.07350198,0.0,0.07016507,0.0,0.047189567,0.048537254,0.0,0.006077444,0.0,0.0,0.0,0.025586702,0.0,0.02040894,0.0,0.0,0.0,0.0,0.0,0.0,0.0054183733,0.007846055,0.041157413,0.050255135,0.046661332,0.0,0.05993601,0.036144044,0.030188624,0.028860876,0.0,0.0,0.0,0.0,0.12063901,0.120079815,0.045185015,0.0,0.0,0.007565546,0.07160248,0.070444405,0.093554735,0.10971904,0.0
0.08070363,0.0,0.0,0.02187341,0.046565365,0.049523223,0.0,0.080731474,0.0,0.07093696,0.0,0.044667162,0.04978379,0.0,0.007262973,0.0,0.0,0.0,0.025351614,0.0,0.017667038,0.0,0.0,0.0,0.00023535546,0.0,0.0,0.0060119107,0.0084743425,0.042696465,0.05171419,0.048351713,0.0,0.059201524,0.03601392,0.030707294,0.029379167,0.0,0.0,0.0,4.476309e-05,0.123595,0.12294023,0.0483616,0.0,0.0,0.0063305683,0.07515383,0.07395995,0.096525386,0.113313235,0.0
0.0804884,0.0,0.0,0.026137372,0.044041485,0.05066341,0.0,0.08045693,0.0,0.076246455,0.0,0.04199996,0.050922096,0.0,0.00842911,0.0,0.0,0.0,0.025267445,0.0,0.01617923,0.0,0.0,0.0,0.001844787,0.0,0.0,0.006375016,0.008836811,0.043881755,0.05283448,0.049459904,0.0,0.059768736,0.036756523,0.030986488,0.029716786,0.0,0.0,0.0010411628,0.00401498,0.12642449,0.12570412,0.050957695,0.0,0.0,0.005316334,0.07920875,0.077900365,0.0994965,0.116420835,0.0
0.08346401,0.0,0.0,0.031700473,0.041268487,0.051562544,0.0,0.08331657,0.0,0.082095616,0.0,0.03922836,0.051813114,0.0,0.008819571,0.0,0.0,0.0,0.02498326,0.0,0.015480915,0.0,0.0,0.0,0.001556024,0.0,0.0,0.006213972,0.008642983,0.04422596,0.053260565,0.049583815,0.0,0.06155523,0.03814,0.030860115,0.029643789,0.0,0.0,0.003652174,0.006863445,0.12788318,0.12713122,0.05255764,0.0,0.0,0.0046161273,0.08245303,0.081119075,0.101656005,0.118368834,0.0
0.08907573,0.0,0.0,0.036993045,0.0383408,0.052046206,0.0,0.088801116,0.0,0.087935165,0.0,0.036442593,0.052289587,0.0,0.008085726,0.0,0.0,0.0,0.024614006,0.0,0.014807137,0.0,0.0,0.0,0.0,0.0,0.0,0.005420104,0.00779637,0.043529395,0.0528284,0.048999093,0.0,0.063318945,0.03934403,0.030086363,0.028914481,0.0,0.0,0.0040216707,0.0073415413,0.12856862,0.12779625,0.053049214,0.0,0.0,0.00401894,0.08413914,0.082898185,0.10242385,0.118763514,0.0
0.094756946,0.0,0.0,0.04223545,0.0360628,0.051971868,0.0,0.09437926,0.0,0.09410645,0.0,0.03429763,0.0522107,0.0,0.007163303,0.0,0.0,0.0,0.02413065,0.0,0.013986676,0.0,0.0,0.0,0.0,0.0,0.0,0.0043801176,0.0067150164,0.043089606,0.052813016,0.048107084,0.0,0.0639653,0.039940294,0.028981704,0.02784415,0.0,0.0,0.00403478,0.007420916,0.12849048,0.12768818,0.052874207,0.0,0.0,0.0034669163,0.08463196,0.08361824,0.102523915,0.11862421,0.0
0.09353553,0.0,0.0,0.048103727,0.03529861,0.051632002,0.0,0.09310046,0.0,0.10081608,0.0,0.033618767,0.051864877,0.0,0.0062928945,0.0,0.0,0.0,0.02344612,0.0,0.012750703,0.0,0.0,0.0,0.0,0.0,0.0,0.0032740096,0.005574676,0.04270769,0.052853975,0.046914704,0.0,0.06308641,0.039704908,0.0273608,0.026265088,0.0,0.0,0.0043025687,0.0077122897,0.12745441,0.12661633,0.052206147,0.0,0.0,0.0028318232,0.08447492,0.08368245,0.10167505,0.11753361,0.0
0.08839219,0.0,0.0,0.054873187,0.036784198,0.05148408,0.0,0.08791183,0.0,0.10783419,0.0,0.035142813,0.05171249,0.0,0.005529022,0.0,0.0,0.0,0.022362567,0.0,0.011283423,0.0,0.0,0.0,0.0,0.0,0.0,0.0021511577,0.004412952,0.041690473,0.052209,0.045456663,0.0,0.061936785,0.03943223,0.025587477,0.024506807,0.0,0.0,0.004817266,0.00829047,0.12523563,0.12436086,0.05119259,0.0,0.0,0.0021872185,0.084116496,0.08346157,0.10017486,0.115837514,0.0
0.08998678,0.0,0.0,0.05990737,0.038136095,0.051758923,0.0,0.089423,0.0,0.11295084,0.0,0.036533337,0.051983964,0.0,0.0047162026,0.0,0.0,0.0,0.021116745,0.0,0.00974065,0.0,0.0,0.0,0.0,0.0,0.0,0.0012040143,0.003423858,0.040376876,0.051218286,0.04419822,0.0,0.06088647,0.03915697,0.024044964,0.02292332,0.0,0.0,0.005250834,0.008931786,0.122612864,0.121695526,0.050474122,0.0,0.0,0.0014562355,0.083846256,0.083283246,0.09882468,0.114421934,0.0
0.09632491,0.0,0.0,0.06438675,0.039178036,0.052282557,0.0,0.09564407,0.0,0.11763556,0.0,0.037610024,0.052501295,0.0,0.003976105,0.0,0.0,0.0,0.020335875,0.0,0.0086513385,0.0,0.0,0.0,0.0,0.0,0.0,0.0006434433,0.0028226352,0.039229255,0.050399985,0.04376246,0.0,0.05970206,0.038653955,0.022922933,0.021723555,0.0,0.0,0.005370155,0.0092277005,0.1214852,0.120518625,0.050246477,0.0,0.0,0.0006815046,0.08386555,0.08334231,0.09779317,0.11337842,0.0
0.10260826,0.0,0.0,0.06846358,0.038721964,0.052587286,0.0,0.10181573,0.0,0.12201034,0.0,0.037150607,0.052792225,0.0,0.0037016664,0.0,0.0,0.0,0.020064523,0.0,0.008176738,0.0,0.0,0.0,0.0,0.0,0.0,0.0005826955,0.002750066,0.03914223,0.050637763,0.043858916,0.0,0.057988185,0.037652303,0.022228748,0.02095287,0.0,0.0,0.006309338,0.010319285,0.121865734,0.12085736,0.050410695,0.0,0.0,4.4675544e-06,0.0843865,0.08388114,0.09777215,0.113404214,0.0
0.09920217,0.0,0.0,0.07460287,0.039325006,0.052528486,0.0,0.09833737,0.0,0.12833184,0.0,0.037760388,0.0527153,0.0,0.0038255714,0.0,0.0,0.0,0.02021204,9.434298e-05,0.0080231875,0.0,0.0,0.0,0.0,0.0,0.0,0.0007320121,0.0029154252,0.039764054,0.051555146,0.04380151,0.0,0.055861212,0.03626216,0.021280188,0.019978892,0.0,0.0,0.0078719035,0.0119770765,0.12193803,0.12090905,0.05027698,0.0,0.0,0.0,0.08491349,0.08446264,0.09832801,0.11395271,0.0
0.0961725,0.0,0.0,0.07991759,0.040035054,0.052244492,0.0,0.09524538,0.0,0.13384148,0.0,0.038512092,0.052416,0.0,0.003905505,0.0,0.0,0.0005825497,0.020288981,0.0043570306,0.008594012,0.0,0.0,0.0,0.0,0.0,0.0,0.00083047384,0.0030313022,0.039955452,0.052042015,0.043185093,0.0,0.054371547,0.035062,0.020335684,0.019000608,0.00090608746,0.0023675412,0.009100124,0.01333385,0.120469294,0.119437024,0.049892347,0.0,0.0,0.0,0.085097104,0.084753715,0.09888059,0.11456077,0.0
0.09771523,0.0,0.0,0.083434224,0.04079003,0.05192612,0.0,0.09674136,0.0,0.13775943,0.0,0.039323073,0.05209111,0.0,0.003644118,0.0,0.0,0.0008928031,0.020407166,0.0066769775,0.009342402,0.0,0.0,0.0,0.0,0.0,0.0,0.00086380774,0.0030763936,0.039781764,0.052175328,0.04254925,0.0,0.053593405,0.034159042,0.019582245,0.018165357,0.0015213378,0.003141176,0.00902047,0.013318442,0.11904027,0.1180224,0.049545314,0.0,0.0,0.0,0.084650844,0.084451534,0.099156134,0.11492264,0.0
0.0983549,0.0,0.0,0.08700678,0.04175824,0.051611625,0.0,0.09737152,0.0,0.14194568,0.0,0.04032077,0.051775783,0.0,0.0030960627,0.0,0.0,0.0006922446,0.020447899,0.0070588235,0.009725736,0.0,0.0,0.0,0.0,0.0,0.0,0.00061742775,0.0028475858,0.039562736,0.052297678,0.04154107,0.0,0.052763857,0.033351872,0.018796358,0.017268669,0.0017478913,0.0035455786,0.008384667,0.012706615,0.11828036,0.117288664,0.04916741,0.0,0.0,0.0,0.083659984,0.083617166,0.09882118,0.11459354,0.0
0.095115736,0.0,0.0,0.089840025,0.041785598,0.051132828,0.0,0.09415209,0.0,0.14540793,0.0,0.0403305,0.051299162,0.0,0.0024325773,0.0,0.0,0.00057804585,0.01985411,0.0074950494,0.009890057,0.0,0.0,0.0,0.0,0.0,0.0,0.0,0.002227617,0.039129186,0.052159637,0.039451357,0.0,0.05185301,0.032795444,0.017992215,0.016361153,0.0031699426,0.005207587,0.008553855,0.012985118,0.11784452,0.116883814,0.04820269,0.0,0.0,0.0,0.082229085,0.08232248,0.09833558,0.11398963,0.0
0.089913785,0.0,0.0,0.09218298,0.042386036,0.050740786,0.0,0.08897465,0.0,0.14808007,0.0,0.040938824,0.050912548,0.0,0.0012850016,0.0,0.0,0.0,0.018366383,0.0072527938,0.009815015,0.0,0.0,0.0,0.0,0.0,0.0,0.0,0.0010331441,0.037598953,0.050873335,0.03642565,0.0,0.05174812,0.033115815,0.017103085,0.015363734,0.0035021193,0.005835153,0.008558631,0.01315818,0.117212206,0.11628735,0.046520688,0.0,0.0,0.0,0.079941966,0.08016062,0.096598186,0.11185141,0.0
0.08996896,0.0,0.0,0.091815114,0.041624732,0.05023358,0.0,0.089052744,0.0,0.14808467,0.0,0.040194437,0.05041547,0.0,0.0,0.0,0.0,0.0,0.015917946,0.005587885,0.010133699,0.0,0.0,0.0,0.0,0.0,0.0,0.0,0.0,0.03431482,0.047811136,0.0330643,0.0,0.053231284,0.03462436,0.01675409,0.014856219,0.0011586957,0.0039031021,0.007220164,0.01192569,0.117165655,0.11628705,0.044440243,0.0,0.0,0.0,0.07662698,0.07689984,0.09313758,0.10769428,0.0
0.08915244,0.0,0.0,0.09111543,0.040583264,0.049454764,0.0,0.088298514,0.0,0.14789686,0.0,0.039150365,0.049653158,0.0,0.0,0.0,0.0,0.0,0.012750749,0.0018067807,0.009794586,0.0,0.0,0.0,0.0,0.0,0.0,0.0,0.0,0.030737009,0.044431493,0.029750677,0.0,0.055232465,0.0368246,0.016709952,0.014627363,0.0,0.0012097582,0.0053754076,0.010137863,0.11770551,0.11687459,0.041875295,0.0,0.0,0.0,0.07230442,0.07264579,0.08863681,0.102347955,0.0
0.08873965,0.0,0.0,0.088153124,0.037507232,0.04814947,0.0,0.08796339,0.0,0.14562134,0.0,0.036044054,0.048360996,0.0,0.0,0.0,0.0,0.0,0.009064965,0.0,0.009565896,0.0,0.0,0.0,0.0,0.0,0.0,0.0,0.0,0.02785992,0.041671813,0.026091106,0.0,0.05673327,0.038918704,0.01684539,0.014578326,0.0,0.00047798455,0.0048744082,0.009806722,0.117799975,0.11700139,0.039086543,0.0,0.0,0.0,0.06744754,0.067917615,0.08434972,0.09730683,0.0
0.09250594,0.0,0.0,0.08247301,0.033078894,0.046691753,0.0,0.09178738,0.0,0.14033757,0.0,0.03161145,0.046906285,0.0,0.0,0.0,0.00014878856,0.0,0.0055918,0.0,0.009711975,0.0,0.0,0.0,0.0,0.0,0.0,0.0,0.0,0.026349658,0.040184386,0.022671388,0.0,0.05745223,0.040490814,0.017097136,0.014637829,0.0,0.0016268715,0.0056507587,0.010829158,0.11822874,0.11743526,0.03639675,0.0,0.0,0.0,0.062457997,0.063097134,0.08108518,0.0935183,0.0
0.09245846,0.0,0.0,0.0786738,0.030620709,0.045429483,0.0,0.09181606,0.0,0.13657178,0.0,0.029199105,0.045631,0.0,0.0,0.0,0.000521705,0.0,0.0031600217,0.0,0.009678838,0.0,0.0,0.0,0.0,0.0,0.0,0.0,0.0,0.026410995,0.040294766,0.019778458,0.0,0.056486454,0.04077279,0.016784493,0.014151137,0.0,0.0034841076,0.0065177456,0.011849351,0.11871156,0.1179097,0.03434413,0.0,0.0,0.00013236422,0.05768066,0.058441237,0.07800698,0.089993455,0.0
0.08643151,0.0,0.0,0.0777196,0.030547723,0.044192508,0.0,0.08589278,0.0,0.13571729,0.0,0.02919956,0.044369206,0.0,0.0,0.0,0.0010340004,0.0,0.0015222685,0.0020939447,0.009715067,0.0,0.0,0.0,0.0,0.0,0.0,0.0,0.0,0.026945185,0.04093534,0.017216751,0.0,0.054256245,0.03981025,0.015760012,0.012997561,0.001001671,0.005083706,0.0068560317,0.012237474,0.11806709,0.11726473,0.032517713,0.0,0.0,0.00019432977,0.052904397,0.053688154,0.07475136,0.08621721,0.0
0.07851918,0.0,0.0,0.07810507,0.03268093,0.042859077,0.0,0.07808784,0.0,0.13654545,0.0,0.031431586,0.04300613,0.0,0.0,0.0,0.0016699764,0.0,0.00013933866,0.0065900944,0.010047406,0.0,0.0,0.0,0.0,0.0,0.0,0.0,0.0,0.027380817,0.04153262,0.0144228935,0.0,0.05086129,0.037767313,0.01406896,0.011208726,0.002862554,0.006833859,0.007061895,0.012541149,0.11469655,0.11389317,0.030629547,0.0,0.0,0.00012541749,0.048021547,0.048783205,0.07121546,0.082231656,0.0
0.07583675,0.0,0.0,0.07685287,0.03609184,0.04158834,0.0,0.07549159,0.0,0.13596214,0.0,0.034946408,0.041706182,0.0,0.0,0.0,0.002238797,0.0,0.0,0.012071669,0.01109796,0.0,0.0,0.0,0.0,0.0,0.0,0.0,0.0,0.0279369,0.04224377,0.011999197,0.0,0.047123976,0.03509127,0.012289757,0.009325196,0.004675932,0.008559208,0.0069821477,0.012565371,0.110125184,0.109331205,0.029175382,0.0,0.0,0.0,0.0434715,0.044160184,0.06783652,0.07852144,0.0
0.07413816,0.0,0.0,0.07628947,0.041311048,0.04088732,0.0,0.07388352,0.0,0.13586879,0.0,0.0402589,0.04097952,0.0,0.0,0.0,0.002673198,0.0,0.0,0.016123315,0.011592579,0.0,0.0,0.0,0.0,0.0,0.0,0.0,0.0,0.028664803,0.043032117,0.010595977,0.0,0.04338325,0.03225415,0.010905833,0.007824979,0.0060341917,0.009783328,0.0061632097,0.011723004,0.10674347,0.105965525,0.028088339,0.0,0.0,0.0,0.03990938,0.04038875,0.06469116,0.075174026,0.0
0.06590039,0.0,0.0,0.07745135,0.0466002,0.04032013,0.0,0.065771915,0.0,0.13740206,0.0,0.045615762,0.040392376,0.0,0.0,0.0,0.0029020086,0.0,0.0,0.018338308,0.010935908,0.0,0.0,0.0,0.0,0.0,0.0,0.0,0.0,0.028933499,0.043198686,0.009508391,0.0,0.03993269,0.029697549,0.009806856,0.0066604894,0.007394433,0.011026453,0.0051896498,0.0106185,0.10363798,0.10289785,0.026843768,0.0,0.0,0.0,0.03697104,0.037124053,0.0612541,0.07132599,0.0
0.060897607,0.0,0.0,0.076608285,0.049451478,0.039690938,0.0,0.060853895,0.0,0.13691574,0.0,0.04855375,0.0397521,0.0,0.0,0.0,0.0028406857,0.0,0.0,0.01894889,0.010122427,0.0,0.0,0.0,0.0,0.0,0.0,0.0,0.0,0.027914729,0.041831817,0.008417715,0.0,0.0379581,0.028204218,0.009358893,0.006177648,0.007928602,0.011571366,0.004252147,0.009573225,0.10001381,0.0993151,0.024927381,0.0,0.0,0.0,0.033978455,0.033800147,0.057394657,0.06690054,0.0
0.059558712,0.0,0.0,0.07453063,0.05062058,0.039051168,0.0,0.05956281,0.0,0.13515279,0.0,0.04981651,0.03910725,0.0,0.0,0.0,0.0025650505,0.0,0.0,0.018889492,0.010072357,0.0,0.0,0.0,0.0,0.0,0.0,0.0,0.0,0.0263784,0.039741598,0.0069639226,0.0,0.037034042,0.027629139,0.009468071,0.0062618405,0.007766966,0.011438008,0.00348223,0.008704539,0.09670715,0.09603939,0.022643737,0.0,0.0,0.0,0.030968875,0.030571211,0.053587683,0.06259645,0.0
0.062138088,0.0,0.0,0.07190212,0.051104818,0.038843386,0.0,0.06217203,0.0,0.13273114,0.0,0.05034418,0.03890101,0.0,0.0,0.0,0.0021992903,0.0,0.0,0.017621385,0.01045721,0.0,0.0,0.0,0.0,0.0,0.0,0.0,0.0,0.025497314,0.03824844,0.005945422,0.0,0.03684402,0.027697451,0.010214502,0.0069620754,0.007596666,0.011284769,0.0028166622,0.007900011,0.09554264,0.094903626,0.020648248,0.0,0.0,0.0,0.028512694,0.027995389,0.050620798,0.059299316,0.0
0.059167895,0.0,0.0,0.07146943,0.052563958,0.03915069,0.0,0.059240725,0.0,0.13235766,0.0,0.051834565,0.039212458,0.0,0.0,0.0,0.0018832409,0.0,0.0,0.015187076,0.0102619715,0.0,0.0,0.0,0.0,0.0,0.0,0.0,0.0,0.02471259,0.036941983,0.005279285,0.0,0.03639234,0.027802438,0.010973554,0.0076913307,0.0073853824,0.010998571,0.0018170513,0.0066799186,0.095269874,0.094652355,0.018920463,0.0,0.0,0.0,0.026675709,0.026049377,0.04767897,0.056031678,0.0
0.0698421,0.0,0.0,0.0659463,0.049212657,0.03953192,0.0,0.069876105,0.0,0.1265376,0.0,0.048501387,0.0395985,0.0,0.0,0.0,0.0016103769,0.0,0.0,0.012566765,0.010391133,0.0,0.0,0.0,0.0,0.0,0.0,0.0,0.0,0.023909152,0.0357417,0.0049198857,0.0,0.036718465,0.02831244,0.012422108,0.00908361,0.007582508,0.011333346,0.0013344549,0.0061155595,0.096627995,0.09602235,0.017930511,0.0,0.0,0.0,0.025333405,0.024621148,0.045696255,0.053780578,0.0
0.11874072,0.008409437,0.0,0.049149387,0.034334473,0.040448,0.0,0.11856076,0.008663781,0.10766627,0.0,0.033596538,0.040505417,0.0,0.0,0.0,0.0014334777,0.0,0.0,0.009080463,0.011631625,0.0,0.0,0.0,0.0,0.0,0.0,0.0,0.0,0.024068128,0.03549081,0.0060877325,0.0,0.0393065,0.029904801,0.016493076,0.012965525,0.007313732,0.011417661,0.0014419369,0.0061644167,0.110039264,0.10940614,0.018975401,0.0,0.0,0.0,0.025252946,0.024419723,0.048013568,0.056400403,0.0
0.19765851,0.0655622,0.0,0.02798583,0.006768426,0.041794777,0.0,0.19718957,0.0662186,0.081858344,0.0,0.005854979,0.041805834,0.0,0.0,0.0,0.0015215063,0.0,0.0,0.0034596203,0.013590107,0.0,0.0,0.0,0.0,0.0,0.0,0.0,0.0,0.026343446,0.037477344,0.009190984,0.0,0.04325688,0.031902663,0.023547826,0.019791875,0.0061860774,0.01057937,0.0012461208,0.0054530874,0.14531393,0.14463896,0.023658928,0.0,0.0,0.0,0.026016269,0.025098572,0.056472305,0.065468445,0.0
0.2550411,0.119216144,0.0,0.025832355,0.0,0.043733697,0.0,0.2544887,0.11999552,0.07609432,0.0,0.0,0.04368756,0.0,0.0,0.0,0.001556241,0.0,0.0,0.0,0.013291111,0.0,0.0,0.0,0.0,0.0,0.0,0.0,0.0,0.029004104,0.040256187,0.011863549,0.0,0.04655346,0.033426926,0.030473977,0.026816295,0.0021483526,0.0064553805,0.0,0.003003221,0.19752905,0.19680813,0.029647585,0.0,0.0,0.0,0.025840908,0.025509506,0.06778672,0.077084355,0.0
0.25639167,0.13471541,0.0,0.052260265,0.0,0.04754569,0.0,0.25607884,0.13518244,0.10396077,0.0,0.0,0.047512434,0.0,0.0,0.0,0.0014293974,0.0,0.0,0.0,0.008258961,0.0,0.0,0.0,0.0,0.0,0.0,0.0,0.0,0.028871719,0.041475333,0.010257913,0.0,0.04788661,0.034183506,0.034608606,0.031525847,0.0,0.0,0.0,0.0030200928,0.2449779,0.24410638,0.031756315,0.0,0.0,0.0,0.027134731,0.029028824,0.075908005,0.08658275,0.0
0.2458336,0.13085914,0.0,0.060903877,0.0,0.05564274,0.0,0.2456491,0.13116226,0.113812506,0.0,0.0,0.055656813,0.0,0.0,0.0,0.0014251267,0.0,0.0,0.0,0.0016100407,0.0,0.0,0.0,0.0,0.0,0.0,0.0,0.0,0.028909242,0.043968022,0.00840437,0.0,0.046924546,0.032428756,0.036800466,0.034009285,0.0,0.0,0.0018336363,0.00670645,0.2714362,0.2702675,0.030417036,0.0,0.0,0.0,0.032351404,0.037150443,0.077551305,0.09238635,0.0
0.23775837,0.1344442,0.0,0.057992667,0.0,0.062111385,0.0,0.23704727,0.13485852,0.10843474,0.0,0.0,0.062155798,0.0,0.0,0.0,1.5372992e-05,0.0,0.0,0.0,0.0014686026,0.0,0.0,0.0,0.0,0.0,0.0,0.0,0.0,0.027734796,0.043152746,0.0077641197,0.0,0.04730288,0.029421989,0.036058553,0.033319548,0.0,0.0,0.0,0.004662309,0.27096665,0.26953226,0.028106432,0.0,0.0,0.0,0.036339674,0.042171225,0.075756945,0.09349382,0.0
0.23653774,0.1410766,0.004402891,0.05785176,0.0,0.06649785,0.0,0.23525356,0.1416731,0.10384047,0.0,0.0,0.06656811,0.0,0.0,0.0,0.0,0.0,0.0,0.0,0.0038779862,0.0,0.0,0.0,0.0,0.0,0.0,0.0,0.0,0.021433976,0.03538254,0.008485027,0.0,0.049118362,0.02928431,0.03481973,0.032173462,0.0,0.0,0.0,0.0005272776,0.26433247,0.2628801,0.023396188,0.0,0.0,0.0,0.03906089,0.04392436,0.07302424,0.0892269,0.0
0.21916637,0.12564257,0.008824274,0.06939554,0.0,0.068231046,0.0,0.21795262,0.12626916,0.111209035,0.0,0.0,0.06830318,0.0,0.0,0.0,0.0,0.0,0.0,0.0,0.0057419054,0.0,0.0,0.0,0.0,0.0,0.0,0.0,0.0,0.015987152,0.02842804,0.0060062483,0.0,0.050908163,0.031409558,0.032924127,0.030193187,0.0,0.0,0.0,0.002624184,0.25367013,0.25238192,0.01921888,0.0,0.0,0.0,0.04228121,0.04551779,0.07169851,0.08544684,0.0
0.19256501,0.0937527,0.009143531,0.08251945,0.0,0.066488296,0.0,0.19186318,0.09426665,0.121930614,0.0,0.0,0.06655732,0.0,0.0,0.0,0.0,0.0,0.0,0.0,0.0077526513,0.0,0.0,0.0,0.00889701,0.0,0.0,0.0,0.0,0.012263253,0.023616813,0.0015798733,0.0,0.054470472,0.035792604,0.031714525,0.028761603,0.0,0.0,0.002215458,0.008502625,0.23469362,0.23357688,0.018433787,0.0,0.0,0.0,0.04528194,0.04709786,0.070195526,0.08255227,0.0
0.17419793,0.06451741,0.008556455,0.08741523,0.0,0.062571175,0.0,0.17409872,0.06492573,0.12736292,0.0,0.0,0.06266033,0.0,0.0,0.0,0.0,0.0,0.0,0.0,0.008276127,0.0,0.0,0.0,0.016722016,0.0,0.0,0.0,0.0,0.009855175,0.0203023,0.0,0.0,0.05964306,0.041988574,0.032360125,0.02924499,0.0,0.0,0.0067436695,0.014537768,0.20924622,0.20822158,0.019331492,0.0,0.0,0.0,0.045280218,0.046320513,0.06847203,0.08028647,0.0
0.1501982,0.038794972,0.0040665083,0.090092696,0.0,0.057699744,0.0,0.15059157,0.039109804,0.1326124,0.0,0.0,0.05781938,0.0,0.0,0.0,0.0,0.0,0.0,0.0009521181,0.008583838,0.0,0.0,0.0,0.01647431,0.0,0.0,0.0,0.00061413785,0.009204096,0.018904457,0.0,0.0,0.06308587,0.047289785,0.033631224,0.03048126,0.0,0.0035367887,0.00880795,0.017382678,0.18396053,0.18297845,0.01884158,0.0,0.0,0.0,0.041999314,0.0429044,0.06629175,0.077848755,0.0
0.117488295,0.015831377,0.0,0.09421245,0.0,0.052617326,0.0,0.118090846,0.016051197,0.13969937,0.0,0.0,0.05275557,0.0,0.0,0.0,0.0,0.0,0.0,0.0049381154,0.011670962,0.0,0.0,0.0,0.00933123,0.0,0.0,0.0,0.0008025626,0.009942107,0.019125711,0.0,0.0,0.06379205,0.049873423,0.034086026,0.030929668,0.0029142443,0.006427682,0.0064255055,0.014672698,0.16319843,0.16223645,0.015830887,0.0,0.0,0.0,0.03691252,0.03788651,0.06124425,0.07255351,0.0
0.090721175,0.0,0.0,0.09427674,0.007690925,0.04850305,0.0,0.09122023,0.0,0.14286652,0.0,0.009472717,0.048646275,0.0,0.0,0.0,0.0,0.0017121527,0.0,0.0064868247,0.01748507,0.0,0.0,0.0,0.00057004765,0.0,0.0,0.0,0.0,0.0104249455,0.019109499,0.00075992895,0.0,0.062431525,0.04950512,0.03314414,0.029971037,0.003326662,0.006031502,0.00016630255,0.0075230114,0.14771347,0.14677133,0.010825932,0.0,0.0,0.0,0.03206785,0.033005275,0.05303531,0.06437026,0.0
0.08264437,0.0,0.0,0.08531312,0.022950344,0.04635369,0.0,0.08297706,0.0,0.13750459,0.0,0.024109505,0.04649298,0.0,0.0,0.0,0.0,0.0012613554,0.0,0.0061310073,0.023298055,0.0,0.0,0.0,0.0,0.0,0.0,0.0,0.0,0.011378259,0.01966185,0.0038451427,0.0,0.060117297,0.047197368,0.031345867,0.028105032,0.002362823,0.00478258,0.0,0.0004320778,0.1389496,0.13804442,0.0059826337,0.0,0.0,0.002593662,0.029319722,0.030020399,0.04464697,0.056553125,0.0
0.080702946,0.0,0.0,0.07314102,0.035315566,0.046361946,0.0,0.08105521,0.0,0.12898366,0.0,0.035697162,0.046483975,0.0,0.0,0.0,0.0,0.0019826163,0.0,0.0059504146,0.025773643,0.0,0.0,0.0,0.0,0.0,0.0,0.0,0.0,0.015081862,0.02324355,0.007246882,0.0,0.056997083,0.043945607,0.029272625,0.0259078,0.0037774574,0.0061205663,0.0,0.0,0.13686912,0.13603672,0.004411578,0.0,0.0,0.0033688275,0.02988581,0.030097777,0.040277984,0.052981142,0.0
0.074542575,0.0,0.0,0.06291131,0.046350308,0.04743514,0.0,0.07505802,0.0,0.12080076,0.0,0.046139043,0.047525026,0.0,0.0,0.0,0.0,0.003067525,0.0,0.006991667,0.026133325,0.0,0.0,0.0,0.0,0.0,0.0,0.0,0.0,0.018987898,0.027203793,0.009825582,0.0,0.054422986,0.041304998,0.027523173,0.024053633,0.006024983,0.008182891,0.0,0.0,0.13637127,0.13564926,0.005426187,0.0,0.0,0.0030124793,0.031692006,0.031172762,0.03908401,0.051827133,0.0
0.06545876,0.0,0.0,0.054416962,0.055582877,0.047927212,0.0,0.06616025,0.0,0.112681285,0.0,0.055150386,0.047984567,0.0,0.0,0.0,0.0,0.0024056388,0.0,0.006915112,0.025779732,0.0,0.0,0.0,0.0,0.0,0.0,0.0,0.0,0.01978782,0.027923029,0.010628904,0.0,0.052857213,0.03999003,0.026546912,0.023084473,0.0060243662,0.008044491,0.0,0.0,0.13157518,0.13094899,0.0057666264,0.0,0.0,0.0027559716,0.031560842,0.030356677,0.037442956,0.04915527,0.0
0.06083143,0.0,0.0,0.043913983,0.061288662,0.047335673,0.0,0.061676577,0.0,0.10154174,0.0,0.06083834,0.047370434,0.0,0.0,0.0,0.0,0.00012395438,0.0,0.0053783674,0.025822295,0.0,0.0,0.0,0.0,0.0,0.0,0.0,0.0,0.018067932,0.025742458,0.00987082,0.0,0.052004695,0.039683364,0.026626145,0.02324072,0.0038272906,0.005857853,0.0,0.0,0.12468157,0.124113254,0.004182916,0.0,0.0,0.0031445634,0.029184453,0.027530912,0.03458476,0.045017812,0.0
0.06249982,0.0,0.0029003276,0.03100121,0.06286192,0.04611571,0.0,0.063457176,0.0,0.08755308,0.0,0.062392537,0.046135515,0.0,0.0,0.0,0.0,0.0,0.0,0.00266073,0.026340486,0.0,0.0,0.0,0.0,0.0,0.0,0.0,0.0,0.015913673,0.022934724,0.008704906,0.0,0.051495366,0.039847314,0.027618313,0.024292132,0.00068001077,0.0027755704,0.0,0.0,0.11964453,0.11911431,0.001842293,0.0,0.0,0.004067925,0.02581812,0.023922788,0.031408284,0.04086828,0.0
0.06044909,0.0,0.012495318,0.019694094,0.06260842,0.044683907,0.0,0.06151128,0.0,0.07497405,0.00678394,0.062057998,0.044694126,0.0,0.0,0.0,0.0,0.0,0.0,0.0,0.026407564,0.0,0.0,0.0,0.0,0.0,0.0,0.0,0.0,0.014339377,0.02070573,0.007949565,0.0,0.05091375,0.040024146,0.028723054,0.025444316,0.0,0.0,0.0,0.0,0.11639628,0.11590831,0.0,0.0,0.0,0.0049704714,0.022389863,0.020377519,0.028758783,0.037565067,0.0
0.05636323,0.0,0.021338334,0.009572502,0.061872914,0.043207824,0.0,0.057503507,0.0,0.06321505,0.014315272,0.06124592,0.043214194,0.0,0.0,0.0,0.0,0.0,0.0,0.0,0.02607642,0.0,0.0,0.0,0.0,0.0,0.0,0.0,0.00010192208,0.013014736,0.018726818,0.007631778,0.0,0.0506737,0.040214956,0.029574255,0.026369123,0.0,0.0,0.0,0.0,0.11385684,0.11341296,0.0,0.0,0.0,0.0055895643,0.019243486,0.017245905,0.027201686,0.035637915,0.0
0.05253488,0.0,0.029514479,0.00026914477,0.061043642,0.041899763,0.0,0.053726684,0.0,0.05198787,0.021323748,0.06036184,0.041909046,0.0,0.0,0.0,0.0,0.0,0.0,0.0,0.025259783,0.0,0.0,0.0,0.0,0.0,0.0,0.0,0.00016658846,0.011740038,0.016782563,0.0075590643,0.0,0.05068548,0.04040829,0.03011243,0.027011747,0.0,0.0,0.0,0.0,0.112012416,0.11160813,0.0,0.0,0.0,0.005958678,0.016673401,0.0147846695,0.026417382,0.034645934,0.0
0.050041784,0.0,0.038034406,0.0,0.06076253,0.040991463,0.0,0.051262803,0.0,0.040935203,0.02867857,0.06004459,0.041010045,0.0,0.0,0.0,0.0,0.0,0.0,0.0,0.02413312,0.0,0.0,0.0,0.0,0.0,0.0,0.0,0.0,0.010370188,0.014780606,0.0077269627,0.0,0.050676312,0.04046633,0.030428017,0.027450409,0.0,0.0,0.0,0.0,0.11118559,0.11081749,0.0,0.0,0.0,0.006185659,0.014905468,0.013107182,0.025832418,0.033888195,0.0
0.045150638,0.0,0.045957834,0.0,0.062168624,0.040460847,0.0,0.04638218,0.0,0.03162594,0.035528414,0.061441034,0.040492333,0.0,0.0,0.0,0.0,0.0,0.0,0.0,0.022715941,0.0,0.0,0.0,0.0,0.0,0.0,0.0,0.0,0.009037213,0.012933966,0.007924441,0.0,0.0500286,0.040105022,0.0301519,0.02734632,0.0,0.0,0.0,0.0,0.109840155,0.10950047,0.0,0.0,0.0,0.0062635937,0.013747353,0.012046283,0.0249498,0.032788802,0.0
0.040821996,0.0,0.05274438,0.0,0.06494107,0.04021389,0.0,0.04204237,0.0,0.02269594,0.041459024,0.06422484,0.04026112,0.0,0.0,0.0,0.0,0.0,0.0,0.0,0.02148467,0.0,0.0,0.0,0.0,0.0,0.0,0.0,0.0,0.008438483,0.011919148,0.008031951,0.0,0.048772458,0.039311394,0.02924714,0.026642086,0.0,0.0,0.0,0.0,0.10769053,0.10736313,0.0,0.0,0.0,0.006169878,0.013338674,0.01179863,0.0244826,0.03232021,0.0
0.039218128,0.0,0.056669615,0.0,0.06931792,0.040534712,0.0,0.040414818,0.0,0.015552428,0.04492481,0.068632364,0.040597863,0.0,0.0,0.0,0.0,0.0,0.0,0.0,0.020117886,0.0,0.0,0.0,0.0,0.0,0.0,0.0,0.0,0.008824367,0.012135757,0.008583037,0.0,0.0469373,0.038097918,0.027915154,0.025472382,0.0,0.0,0.0,0.0,0.10506756,0.104730934,0.0,0.0,0.0,0.0058115087,0.013889026,0.012525702,0.02430727,0.03241267,0.0
0.03974101,0.0,0.057152316,0.0,0.07399318,0.041363146,0.0,0.040913846,0.0,0.011376052,0.045395393,0.07335485,0.0414377,0.0,0.0,0.0,0.0,0.0,0.0,0.0,0.018739637,0.0,0.0,0.0,0.0,0.0,0.0,0.0,0.0,0.009712659,0.013062042,0.009320844,0.0,0.04468274,0.036518365,0.026325189,0.023982896,0.0,0.0,0.0,0.0,0.10274616,0.102381036,0.0,0.0,0.0,0.0052365786,0.015350044,0.0140767,0.02454175,0.032991398,0.0
0.0395693,0.0,0.05458081,0.0,0.07900844,0.042388212,0.0,0.040725816,0.0,0.010780175,0.043030255,0.078428924,0.042466342,0.0,0.0,0.0,0.0,0.0,0.0,0.0,0.017167091,0.0,0.0,0.0,0.0,0.0,0.0,0.0,0.0,0.010666024,0.014214393,0.009955891,0.0,0.042032547,0.034620594,0.024463125,0.022190642,0.0,0.0,0.0,0.0,0.099986315,0.099582456,0.0,0.0,0.0,0.0044490304,0.017148022,0.015865976,0.024604619,0.03318514,0.0
0.039359443,0.0,0.050554752,0.0,0.0834707,0.0430528,0.0,0.040506072,0.0,0.011261481,0.03930782,0.08293611,0.04312263,0.0,0.0,0.0,0.0,0.0,0.0,0.0,0.016291782,0.0,0.0,0.0,0.0,0.0,0.0,0.0,0.0,0.011820217,0.015617847,0.00967178,0.0,0.038882576,0.03231736,0.022305286,0.02011055,0.0,0.0,0.0,0.0,0.09667131,0.09621735,0.0,0.0,0.0,0.003701621,0.018801019,0.017500559,0.02496919,0.033565145,0.0
0.04018108,0.0,0.045526274,0.0,0.08765713,0.043361608,0.0,0.041315738,0.0,0.011521459,0.034734257,0.08713163,0.04341451,0.0,0.0,0.0,0.0,0.0,0.0,0.0,0.016542673,0.0,0.0,0.0,0.0,0.0,0.0,0.0,0.0,0.013532106,0.017580524,0.008999825,0.0,0.035836905,0.029952222,0.02014793,0.017999161,0.0,0.0,0.0,0.0,0.0935722,0.093080655,0.0,0.0,0.0,0.0031194047,0.020174403,0.018816112,0.025689486,0.03425979,0.0
0.041028265,0.0,0.039760735,0.0,0.0915481,0.043662228,0.0,0.042153772,0.0,0.0130672045,0.029496657,0.090994336,0.04369822,0.0,0.0,0.0,0.0,0.0,0.0,0.0,0.017008193,0.0,0.0,0.0,0.0,0.0,0.0,0.0,0.0,0.015196597,0.019588629,0.008438569,0.0,0.03309444,0.027845496,0.01838532,0.016211025,0.0,8.263625e-05,0.0,0.0,0.09077337,0.090263724,0.0,0.0,0.0,0.0026461226,0.021328855,0.019824507,0.026156478,0.03462233,0.0
0.040996354,0.0,0.03425726,0.0,0.09400949,0.04372408,0.0,0.042113245,0.0,0.014980335,0.024359684,0.093444094,0.043748084,0.0,0.0,0.0,0.0,0.0,0.0,0.0,0.017440312,0.0,0.0,0.0,0.0,0.0,0.0,0.0,0.0,0.0160884,0.020733139,0.007826887,0.0,0.031181365,0.026371773,0.017083367,0.014860459,0.00018446147,0.0018758439,0.0,0.0,0.08777837,0.087274835,0.0,0.0,0.0,0.0023592943,0.021958098,0.020253254,0.026364911,0.03447806,0.0
0.040206067,0.0,0.029364876,0.0,0.09587518,0.04359164,0.0,0.04131324,0.0,0.01710012,0.019630857,0.09530642,0.04361032,0.0,0.0,0.0,0.0,0.0,0.0,0.0,0.017300189,0.0,0.0,0.0,0.0,0.0,0.0,0.0,0.0,0.01605828,0.020885397,0.007023262,0.0,0.029622627,0.025345897,0.016098987,0.013838228,0.0008571297,0.0026114713,0.0,0.0,0.08420128,0.08371393,0.0,0.0,0.0,0.0021883168,0.021914918,0.020054063,0.025758091,0.03329382,0.0
0.039994497,0.0,0.024462847,0.0,0.097160324,0.04327462,0.0,0.04107574,0.0,0.01855113,0.014942179,0.096591055,0.043292798,0.0,0.0,0.0,0.0,0.0,0.0,0.0,0.017226646,0.0,0.0,0.0,0.0,0.0,0.0,0.0,0.0,0.015773155,0.020619858,0.0059806146,0.0,0.028554022,0.024770062,0.0153338015,0.01305448,0.0011787713,0.0029924884,0.0,0.0,0.080846995,0.08037546,0.0,0.0,0.0,0.0021740985,0.021475542,0.019569824,0.025455818,0.03249199,0.0
0.040000144,0.0,0.018265717,0.0,0.09951074,0.043187693,0.0,0.041044235,0.0,0.02116721,0.009182405,0.09893009,0.043211177,0.0,0.0,0.0,0.0,0.0,0.0,0.0,0.016914373,0.0,0.0,0.0,0.0,0.0,0.0,0.0,0.0,0.015433583,0.020289522,0.0054666307,0.0,0.028002836,0.0245953,0.014810435,0.012489624,0.0009025242,0.0027684383,0.0,0.0,0.0782951,0.07784732,0.0,0.0,0.0,0.0021308088,0.020934671,0.019040233,0.024914976,0.031520557,0.0
0.039582256,0.0,0.0102497265,0.0,0.10240258,0.043393597,0.0,0.04058814,0.0,0.026125222,0.001794694,0.101820804,0.043427996,0.0,0.0,0.0,0.0,0.0,0.0,0.0,0.016074521,0.0,0.0,0.0,0.0,0.0,0.0,0.0,0.0,0.014590377,0.019520149,0.005044154,0.0,0.027642,0.024634417,0.014271038,0.011891815,0.0,0.0019435622,0.0,0.0,0.07593253,0.07549964,0.0,0.0,0.0,0.001955597,0.020419486,0.018598078,0.023968313,0.030221071,0.0
0.039905958,0.0,0.0013709934,0.0,0.105398595,0.04375288,0.0,0.040875163,0.0,0.032171987,0.0,0.1048451,0.043803744,0.0,0.0,0.0,0.0,0.0,0.0,0.0,0.014553834,0.0,0.0,0.0,0.0,0.0,0.0,0.0,0.0,0.013049664,0.018069934,0.004734096,0.0,0.027558612,0.024860876,0.013651626,0.011209414,0.0,0.000275705,0.0,0.0,0.07332443,0.07289693,0.0,0.0,0.0,0.001602669,0.019811101,0.018083075,0.022223372,0.028072827,0.0
0.039763242,0.0,0.0,0.0,0.10788575,0.044007383,0.0,0.04071312,0.0,0.03894805,0.0,0.107332915,0.044077538,0.0,0.0,0.0,0.0,0.0,0.0,0.0,0.0121647995,0.0,0.0,0.0,0.0,0.0,0.0,0.0,0.0,0.011635572,0.016689265,0.004435367,0.0,0.027525127,0.025212858,0.012996135,0.010501033,0.0,0.0,0.0,0.0,0.06996846,0.06952888,0.0,0.0,0.0,0.0010885831,0.01920724,0.017611017,0.020368252,0.025863409,0.0
0.039836794,0.0,0.0,0.0,0.109957285,0.044066742,0.0,0.040770434,0.0,0.04515,0.0,0.10938548,0.04415375,0.0,0.0,0.0,0.0,0.0,0.0,0.0,0.009745637,0.0,0.0,0.0,0.0,0.0,0.0,0.0,0.0,0.010733035,0.015678495,0.0045587206,0.0,0.028045712,0.025827946,0.012604288,0.010068957,0.0,0.0,0.0,0.0,0.06653944,0.06607957,0.0,0.0,0.0,0.00056587823,0.018745717,0.01725703,0.019055795,0.02424473,0.0
0.041390546,0.0,0.0,0.0,0.11127412,0.043991096,0.0,0.042313073,0.0,0.049961306,0.0,0.11065018,0.044087227,0.0,0.0,0.0,0.0,0.0,0.0,0.0,0.00813028,0.0,0.0,0.0,0.0,0.0,0.0,0.0,0.0,0.0101470845,0.014958695,0.004792464,0.0,0.028862715,0.026525106,0.01264666,0.01007157,0.0,0.0,0.0,0.0,0.06420696,0.06372812,0.0,0.0,0.0,0.00022917998,0.01845282,0.017027142,0.018116511,0.02305561,0.0
0.041550048,0.0,0.0,0.0,0.11202665,0.04366193,0.0,0.042458292,0.0,0.054476827,0.0,0.111375466,0.043758348,0.0,0.0,0.0,0.0,0.0,0.0,0.0,0.007289199,0.0,0.0,0.0,0.0,0.0,0.0,0.0,0.0,0.009376266,0.014109622,0.005070626,0.0,0.029822946,0.027236015,0.012844214,0.010253534,0.0,0.0,0.0,0.0,0.062237386,0.061745983,0.0,0.0,0.0,0.00010085385,0.017880283,0.016485995,0.016938537,0.021556225,0.0
0.040243357,0.0,0.0,0.0,0.111405976,0.042846307,0.0,0.04114651,0.0,0.057881534,0.0,0.110715315,0.04294003,0.0,0.0,0.0,0.0,0.0,0.0,0.0,0.006740855,0.0,0.0,0.0,0.0,0.0,0.0,0.0,0.0,0.008529679,0.0131417345,0.005376771,0.0,0.031053606,0.028100051,0.013270634,0.010692418,0.0,0.0,0.0,0.0,0.060480725,0.059989948,0.0,0.0,0.0,0.00012545427,0.016907498,0.015523711,0.01571571,0.01997532,0.0
0.035471052,0.0,0.0,0.0,0.110405706,0.04144458,0.0,0.036393233,0.0,0.06078194,0.0,0.10966518,0.041530132,0.0,0.0,0.0,0.0,0.0,0.0,0.0,0.006867245,0.0,0.0,0.0,0.0,0.0,0.0,0.0,0.0,0.00791514,0.012352573,0.0053123124,0.0,0.032033533,0.028769646,0.013574114,0.01106284,0.0,0.0,0.0,0.0,0.0582193,0.057733834,0.0,0.0,0.0,0.00034591428,0.015373249,0.014064228,0.014578313,0.018504314,0.0
0.03439828,0.0,0.0,0.0,0.10823256,0.03982468,0.0,0.03534332,0.0,0.060511976,0.0,0.10742909,0.03989716,0.0,0.0,0.0,0.0,0.0,0.0,0.0,0.008691266,0.0,0.0,0.0,0.0,0.0,0.0,0.0,0.0,0.007318561,0.011609806,0.0044026338,0.0,0.032724578,0.02903808,0.013750501,0.011306768,0.0,0.0,0.0,0.0,0.057650976,0.057173654,0.0,0.0,0.0,0.0008759111,0.013703369,0.012497691,0.013837315,0.017666176,0.0
0.03428843,0.0,0.0,0.0,0.10688435,0.038530864,0.0,0.035274465,0.0,0.05967308,0.0,0.106006324,0.03858903,0.0,0.0,0.0,0.0,0.0,0.0,0.0,0.011325698,0.0,0.0,0.0,0.0,0.0,0.0,0.0,0.0,0.0068223225,0.011270372,0.002934256,0.0,0.032509387,0.028577624,0.0133203,0.010903147,0.0,0.0,0.0,0.0,0.058543783,0.058084242,0.0,0.0,0.0,0.0014406241,0.012034535,0.010938903,0.012742478,0.016656965,0.0
0.031569,0.0,0.0,0.0,0.10755661,0.037735596,0.0,0.032626446,0.0,0.060482625,0.0,0.10661916,0.037789218,0.0,0.0,0.0,0.0,0.0,0.0,0.0,0.01290502,0.0,0.0,0.0,0.0,0.0,0.0,0.0,0.0,0.0060607316,0.010898086,0.0017570606,0.0,0.031733595,0.027748942,0.012317036,0.009874066,0.0,0.0,0.0,0.0,0.058697894,0.05826164,0.0,0.0,0.0,0.0016498741,0.010391969,0.009366583,0.010989383,0.015048478,0.0
0.028523335,0.0,0.0,0.0,0.10854366,0.037189968,0.0,0.029668717,0.0,0.061408937,0.0,0.107531026,0.037251525,0.0,0.0,0.0,0.0,0.0,0.0,0.0,0.013308287,0.0,0.0,0.0,0.0,0.0,0.0,0.0,0.0,0.0054468457,0.010674216,0.00068419985,0.0,0.030579481,0.02687884,0.011136398,0.008634832,0.0,0.0,0.0,0.0,0.05696966,0.05654213,0.0,0.0,0.0,0.0015948045,0.009070367,0.008145245,0.009814583,0.014127694,0.0
0.027145784,0.0,0.0,0.0,0.110291146,0.037127227,0.0,0.028344885,0.0,0.06274897,0.0,0.10921933,0.037202224,0.0,0.0,0.0,0.0,0.0,0.0,0.0,0.012602346,0.0,0.0,0.0,0.0,0.0,0.0,0.0,0.0,0.0052507613,0.010861107,0.0,0.0,0.028810302,0.025815355,0.009723777,0.0071446807,0.0,0.0,0.0,0.0,0.053834144,0.053389724,0.0,0.0,0.0,0.0012604767,0.008269664,0.0074803866,0.009074107,0.013594314,0.0
0.028804388,0.0,0.0,0.0,0.11107996,0.037490003,0.0,0.029994285,0.0,0.063291214,0.0,0.10994187,0.037579216,0.0,0.0,0.0,0.0,0.0,0.0,0.0,0.011180172,0.0,0.0,0.0,0.0,0.0,0.0,0.0,0.0,0.0056995377,0.011649481,0.0,0.0,0.02673295,0.024696387,0.008300006,0.0056422385,0.0,0.0,0.0,0.0,0.05086501,0.050391268,0.0,0.0,0.0,0.00076178386,0.00830573,0.0075954664,0.009490814,0.014104538,0.0
0.027645279,0.0,0.0,0.0,0.11333625,0.038181797,0.0,0.028773513,0.0,0.0653746,0.0,0.112175345,0.038283866,0.0,0.0,0.0,0.0,0.0,0.0,0.0,0.008397991,0.0,0.0,0.0,0.0,0.0,0.0,0.0,0.0,0.006600476,0.012894119,0.0,0.0,0.024491047,0.023539603,0.0065498217,0.0038676234,0.0,0.0,0.0,0.0,0.047120754,0.046622876,0.0,0.0,0.0,0.0,0.00866982,0.007948967,0.009686936,0.013966851,0.0
0.026817186,0.0,0.0,0.0,0.115732886,0.038759664,0.0,0.027826376,0.0,0.06567011,0.0,0.114607975,0.038874015,0.0,0.0,0.0,0.0,0.0,0.0,0.0,0.0058556143,0.0,0.0,0.0,0.0,0.0,0.0,0.0,0.0,0.0075290306,0.013996827,0.0,0.0,0.022968976,0.022715468,0.004870955,0.002230816,0.0,0.00034401193,0.0,0.0,0.043119974,0.042608257,0.0,0.0,0.0,0.0,0.009150328,0.0083646905,0.010241609,0.01407782,0.0
0.0272556,0.0,0.0,0.0,0.11925879,0.039315023,0.0,0.028102063,0.0,0.06437378,0.0,0.11824386,0.03944007,0.0,0.0,0.0,0.0,0.0,0.0,0.0,0.0048717894,0.0,0.0,0.0,0.0,0.0,0.0,0.0,0.0,0.008058453,0.014654486,0.0,0.0,0.022288704,0.022228146,0.0032169628,0.0006446019,0.0,0.0016437452,0.0,0.0,0.039940655,0.03943283,0.0,0.0,0.0,0.0,0.009304134,0.008503024,0.01015738,0.013557218,0.0
0.028222756,0.0,0.0,0.0,0.12398911,0.039947055,0.0,0.028905049,0.0,0.06290184,0.0,0.12310481,0.040088184,0.0,0.0,0.0,0.0,0.0,0.0,0.0030714236,0.004849652,0.0,0.0,0.0,0.0,0.0,0.0,0.0,0.0,0.0076813,0.0145301875,0.0,0.0,0.022109434,0.021969223,0.0017445325,0.0,0.0,0.00074125454,0.0,0.0,0.037889387,0.037401203,0.0,0.0,0.0,0.0,0.008891634,0.008149173,0.008752378,0.011859382,0.0
0.02773467,0.0,0.0,0.0,0.12866221,0.040260904,0.0,0.028289277,0.0,0.061805002,0.0,0.12787405,0.040427547,0.0,0.0,0.0,0.0,0.0,0.0,0.004666758,0.0052498933,0.0,0.0,0.0,0.0,0.0,0.0,0.0,0.0,0.0064687114,0.013671868,0.0,0.0,0.021892127,0.021803042,0.0003415821,0.0,0.0,0.0,0.0,0.0,0.035748534,0.03528473,0.0,0.0,0.0,0.0,0.007710903,0.0071377214,0.0061603766,0.009082682,0.0
0.025554664,0.0,0.0,0.0,0.13382193,0.040181205,0.0,0.026026519,0.0,0.062093504,0.0,0.13307475,0.04038299,0.0,0.0,0.0,0.0,0.0,0.0,0.0039682076,0.005118806,0.0,0.0,0.0,0.0,0.0,0.0,0.0,0.0,0.0051628873,0.0128064705,0.0,0.0,0.021249231,0.021537015,0.0,0.0,0.0,0.0,0.0,0.0,0.032042675,0.031599026,0.0,0.0,0.0,0.0,0.005822786,0.0055693723,0.0022710524,0.005062485,0.0
0.0230252,0.0,0.0,0.0,0.13780537,0.039682344,0.0,0.02344477,0.0,0.063508876,0.0,0.13702887,0.039925683,0.0,0.0,0.0,0.0,0.0,0.0,0.0023767038,0.00463433,0.0,0.0,0.0,0.0,0.0,0.0,0.0,0.0,0.004241203,0.012301044,0.0,0.0,0.020513125,0.021336656,0.0,0.0,0.0,0.0,0.0,0.0,0.026922325,0.026486827,0.0,0.0,0.0,0.0,0.0036867484,0.0038719028,0.0,0.0011810996,0.0
0.020781668,0.0,0.0,0.0,0.14052035,0.0391348,0.0,0.021168813,0.0,0.06668961,0.0,0.13964556,0.039422974,0.0,0.0,0.0,0.0,0.0,0.0,0.00060353207,0.0033202358,0.0,0.0,0.0,0.0,0.0013720584,0.0,0.0,0.0,0.0043847524,0.012935732,0.0,0.0,0.01947841,0.021085227,0.0,0.0,0.0,0.0,0.0,0.0,0.02090362,0.020457447,0.0,0.0,0.0,0.0,0.0018099342,0.0025481097,0.0,0.0,0.0
0.020205704,0.0,0.0,0.0,0.13916624,0.038623266,0.0,0.02056613,0.0,0.068425804,0.0,0.13812117,0.03895612,0.0,0.0,0.0,0.0,0.0,0.0,0.0013686973,0.001599039,0.0,0.0,0.0,0.0,0.005048137,0.0,0.0,0.0,0.0064574275,0.015589556,0.0,0.0,0.018185884,0.020744048,0.0,0.0,0.0026435005,0.0048908703,0.0,0.0,0.015902849,0.015431472,0.0,0.0,0.0,0.0,0.0009062253,0.002200475,0.0,0.0,0.0
0.022585575,0.0,0.0,0.0,0.13405573,0.03833914,0.0,0.02292196,0.0,0.06605441,0.0,0.13285345,0.038706288,0.0,0.0,0.0,0.0,0.0029084785,0.0,0.0057470445,9.807432e-05,0.0,0.0,0.0,0.0,0.008342414,0.0,0.0,0.0,0.010874607,0.020746436,0.0,0.0,0.016988454,0.020253979,0.0,0.0,0.011348817,0.013520956,0.0,0.0,0.013660406,0.013179471,0.0,0.0,0.0,0.0,0.0012290664,0.0029255357,0.0,0.0,0.0
0.026163746,0.0,0.0,0.0,0.12677984,0.03831461,0.0,0.026475918,0.0,0.05979276,0.0,0.12553054,0.0386969,0.0,0.0,0.0,0.0,0.008356135,0.0,0.012891151,0.0,0.0,0.0,0.0,0.0,0.011871383,0.0,0.0,0.0,0.016264737,0.026959054,0.0,0.0,0.016420554,0.019798743,0.0,0.0,0.01941861,0.021391628,0.0018431805,0.0038628802,0.014655155,0.014208809,0.0,0.0,0.0,0.0,0.002247586,0.0040467232,0.0,0.0006953068,0.0
0.028713878,0.0,0.0,0.0,0.120094076,0.038274042,0.0,0.029001068,0.0,0.05129475,0.0,0.11889319,0.038653515,0.0,0.0,0.0,0.0011244724,0.012283133,0.0,0.021330371,3.4175813e-05,0.0,0.0,0.0,0.0,0.015676275,0.00026625395,0.0,0.0,0.020850003,0.032280777,0.0,0.0,0.016254086,0.019380588,0.0,0.0,0.024643624,0.02642769,0.0045639183,0.0067334967,0.017956672,0.01758407,0.00015156483,0.0,0.0,0.0,0.002943744,0.004589781,0.0,0.0022807326,0.0
0.02956159,0.0,0.0,0.0,0.11685807,0.03804775,0.0,0.029819068,0.0,0.04210431,0.0,0.11573456,0.038411293,0.0,0.0,0.0,0.0029453048,0.015367337,0.0,0.030484121,0.0017753188,0.0,0.0,0.0,0.0,0.019583821,0.0036868863,0.0,0.0,0.024098402,0.03613279,0.0,0.0,0.015476922,0.018563144,0.0,0.0,0.027901456,0.029603427,0.0064259795,0.008723608,0.022032496,0.021739801,0.0,0.0,0.0,0.0,0.0027541919,0.0041282456,0.0,0.0027644634,0.0
0.029734401,0.0,0.010787484,0.0,0.117309526,0.037778802,0.0,0.02996529,0.0,0.033098884,0.0021689322,0.11619838,0.03812135,0.0,0.0,0.0,0.004725659,0.01887228,0.0,0.03989214,0.0039865365,0.0,0.0,0.0,0.0,0.02320097,0.006411962,0.0,0.0,0.026971348,0.039578695,0.0,0.0,0.013522577,0.017075159,0.0,0.0,0.031308092,0.033082157,0.008730738,0.011232735,0.026193898,0.02597314,0.0,0.0,0.0,0.0,0.0021493332,0.0032145884,0.0,0.0027293563,0.0
0.030663801,0.0,0.016515773,0.0,0.120557375,0.03783071,0.0,0.03085738,0.0,0.025992678,0.0074491045,0.11942291,0.03815014,0.0,0.0,0.0,0.006432848,0.02166966,0.0,0.04897655,0.005971838,0.0,0.0,0.0,0.0,0.026758365,0.009223916,0.0,0.0,0.030096,0.043331303,0.0,0.0,0.01079049,0.015082659,0.0,0.0,0.0347976,0.036637563,0.011824977,0.014549298,0.029254258,0.029086998,0.0,0.0,0.0,0.0,0.0019370103,0.002664283,0.0,0.0029571652,0.0
0.03272431,0.0,0.018132951,0.0,0.122427106,0.037817765,0.0,0.03283836,0.0,0.020911064,0.008834984,0.12128986,0.038121447,0.0,0.0,0.0,0.007956019,0.024176214,0.0,0.058403384,0.0076845074,0.0,0.0,0.0,0.0,0.029367004,0.011443898,0.0,0.0,0.033629976,0.04749983,0.0,0.0,0.007885734,0.013123747,0.0,0.0,0.0392795,0.041085288,0.016753644,0.019750044,0.030239549,0.03009327,0.00056816894,0.0,0.0,0.0,0.0022801757,0.002649624,0.0018823799,0.0051308125,0.0
0.036255438,0.0,0.018403899,0.0,0.12194113,0.0376527,0.0,0.03622871,0.0,0.017259875,0.008924645,0.12088488,0.037953023,0.0,0.0,0.0,0.009281916,0.02715596,0.0,0.06791074,0.008927189,0.0,0.0,0.0,0.0,0.030843243,0.012976579,0.0,0.0,0.03764475,0.052046087,0.0,0.0,0.005157655,0.011454117,0.0,0.0,0.04515265,0.04677943,0.023051854,0.026306361,0.029417966,0.029264513,0.0023930764,0.0,0.0,0.0,0.002939336,0.002959773,0.0059541203,0.008967664,0.0
0.039560188,0.0,0.019015467,0.0,0.1195635,0.037252035,0.0,0.039363552,0.0,0.015153369,0.009277029,0.11867263,0.037560146,0.0,0.0,0.0,0.01043939,0.030636903,0.0,0.07684995,0.009266172,0.0,0.0,0.0,0.0,0.032197922,0.014611756,0.0,0.0,0.041580938,0.05636846,0.0,0.0,0.0029251017,0.010311964,0.0,0.0,0.051739834,0.05309903,0.029473862,0.032907836,0.027745707,0.027574714,0.004233202,0.0,0.0,0.0,0.0035303775,0.003210159,0.009902341,0.012701422,0.0
0.04218773,0.0,0.01925616,0.0,0.117194965,0.036592312,0.0,0.041839793,0.0,0.014125383,0.009223714,0.11650739,0.03691386,0.0,0.0,0.0,0.011415027,0.034032173,0.0,0.08452715,0.00868302,0.0,0.0,0.0,0.0,0.03388079,0.01653291,0.0,0.0,0.044967428,0.05999894,0.0,0.0,0.0011411374,0.009540368,0.0,0.0,0.057951655,0.059093203,0.034880105,0.03842571,0.02521571,0.025024313,0.005301927,0.0,0.0,0.0,0.003665517,0.003070334,0.012022948,0.014629902,0.0
0.04583245,0.0,0.01892661,0.0,0.11482066,0.0357024,0.0,0.04536869,0.0,0.012803894,0.008711912,0.11429518,0.036035523,0.0,0.0,0.0,0.012219828,0.03683105,0.0,0.09172651,0.007763288,0.0,0.0,0.0,0.0,0.03574671,0.018375607,0.0,0.0,0.047747575,0.06289957,0.0,0.0,0.0,0.009044891,0.0,0.0,0.063573055,0.064602956,0.039554168,0.043212038,0.022129253,0.02191427,0.0051892204,0.0,0.0,0.0,0.0033670375,0.002597373,0.012692044,0.015220538,0.0
0.052046154,0.0,0.01909334,0.0,0.11256424,0.035059392,0.0,0.051498108,0.0,0.010192724,0.0087764505,0.11211631,0.035401665,0.0,0.0004789267,0.0,0.013005654,0.040391088,0.0,0.09847736,0.0071711605,0.0,0.0,0.0,0.0,0.036948305,0.019312494,0.0,0.0,0.050338622,0.06561637,0.0,0.0,0.0,0.008579349,0.0,0.0,0.06884969,0.06989343,0.04317258,0.04693888,0.019994946,0.01976522,0.004333931,0.0,0.0,0.0,0.0030831443,0.0021907631,0.012371348,0.014897654,0.0
0.05741974,0.0,0.020401306,0.0,0.110860184,0.03505383,0.0,0.05682872,0.0,0.0072787236,0.010131052,0.11041563,0.03540118,0.0,0.0013957546,0.0,0.013784111,0.042690672,0.0,0.10316424,0.0066208127,0.0,0.0,0.0,0.0,0.038083453,0.020086857,0.0,0.0,0.0524134,0.06787268,0.0,0.0,0.0,0.008401655,0.0,0.0,0.07211267,0.073157676,0.04509958,0.04881359,0.020131776,0.019919384,0.0032813165,0.0,0.0,0.0,0.0031589204,0.0021152329,0.011378137,0.013886562,0.0
0.05934741,0.0,0.022846093,0.0,0.10875718,0.035297267,0.0,0.058739983,0.0,0.005288789,0.012575904,0.108298354,0.03565097,0.0,0.0017045193,0.0,0.014387732,0.04272538,0.0,0.104600444,0.0055523035,0.0,0.0,0.0,0.0,0.04021675,0.021798832,0.0,0.0,0.053258892,0.06889045,0.0,0.0,0.0,0.008804363,0.0,0.0,0.07231523,0.07332386,0.045471832,0.048997737,0.021044753,0.020864937,0.0020468354,0.0,0.0,0.0,0.0031743636,0.0019606072,0.010138942,0.012487164,0.0
0.061981045,0.0,0.027156187,0.0,0.10474523,0.03514063,0.0,0.06135917,0.0,0.002063185,0.016590906,0.10427179,0.035500847,0.0,0.0015533558,0.0,0.014661425,0.04091649,0.0,0.104301095,0.004405381,0.0,0.0,0.0,0.0,0.043316633,0.024471464,0.0,0.0,0.053077508,0.06869613,0.0,0.0,0.0,0.009467742,0.0,0.0,0.07102867,0.071996555,0.045600493,0.048949607,0.02173828,0.021583352,0.00059982063,0.0,0.0,0.0,0.0026416564,0.0013133222,0.009258285,0.011379508,0.0
0.06434959,0.0,0.033526585,0.0,0.09971277,0.034518424,0.0,0.0637172,0.0,0.0,0.022400912,0.09920116,0.034877244,0.0,0.0012852396,0.0,0.014719136,0.03958598,0.0,0.104285136,0.003927137,0.0,0.0,0.0,0.0,0.046804927,0.027740678,0.0,0.0,0.052822854,0.06823764,0.0,0.0,0.0,0.009963296,0.0,0.0,0.06997737,0.07082598,0.045909055,0.04912761,0.021893565,0.021752503,0.0,0.0,0.0,0.0,0.0015020594,0.0001219064,0.008489408,0.010287654,0.0
0.06555144,0.0,0.039952174,0.0,0.09544466,0.03377324,0.0,0.06491479,0.0,0.0,0.028175373,0.0948824,0.034117967,0.0,0.0008777252,0.0,0.014670108,0.03926377,0.0,0.10507278,0.0049850456,0.0,0.0,0.0,0.0,0.050336488,0.03157807,0.0,0.0,0.052807223,0.06793542,0.0,0.0,0.0002786098,0.010242349,0.0,0.0,0.06879057,0.06938316,0.045543913,0.048565328,0.022929447,0.02280437,0.0,0.0,0.0,0.0,7.089786e-05,0.0,0.00754557,0.008961445,0.0
0.06053597,0.0,0.04390035,0.0,0.0922601,0.03285354,0.0,0.059917357,0.0,0.0,0.03170848,0.09162006,0.033177186,0.0,0.00027591898,0.0,0.014445901,0.03812001,0.0,0.10540498,0.0063623386,0.0,0.0,0.0,0.0,0.053524364,0.03548789,0.0,0.0,0.052667372,0.06750616,0.0,0.0,0.0011483785,0.010745419,0.0,0.0,0.0666413,0.06684915,0.044747196,0.047490373,0.02453596,0.02443709,0.0,0.0,0.0,0.0,0.0,0.0,0.007276643,0.008308083,0.0
0.0564527,0.0,0.04568281,0.0,0.08923023,0.031778675,0.0,0.05584194,0.0,0.0,0.03307309,0.08852683,0.032085992,0.0,0.0,0.0,0.013975704,0.03652674,0.0,0.10472196,0.0074940035,0.0,0.0,0.0,0.0,0.056261145,0.039180346,0.0,0.0,0.052377105,0.066915855,0.0,0.0,0.00237206,0.011343947,0.0,0.0,0.063928455,0.063806094,0.04394405,0.046478454,0.02551458,0.025430854,0.0,0.0,0.0,0.0,0.0,0.0,0.007803185,0.00862021,0.0
0.055062875,0.0,0.046141498,0.0,0.08663784,0.030622015,0.0,0.054464612,0.0,0.0,0.033165626,0.08589302,0.030917037,0.0,0.0,0.0,0.013356592,0.03496527,0.0,0.10387975,0.0080203395,0.0,0.0,0.0,0.0,0.058425337,0.042278334,0.0,0.0,0.052226692,0.06640299,0.0,0.0,0.0032530446,0.011579014,0.0,0.0,0.061998438,0.0616379,0.04369627,0.046136744,0.026020486,0.025937885,0.0,0.0,0.0,0.0,0.0,0.0,0.008636121,0.009438969,0.0
0.053569216,0.0,0.043520108,0.0,0.08737759,0.029841525,0.0,0.052999306,0.0,0.0,0.030372921,0.086638,0.030126154,0.0,0.0,0.0,0.012810901,0.034155242,0.0,0.10295856,0.008688615,0.0,0.0,0.0,0.0,0.059930135,0.044690028,0.0,0.0,0.05189365,0.06571205,0.0,0.0,0.0035416074,0.011384418,0.0,0.0,0.060240578,0.059744082,0.042788845,0.045142505,0.026070647,0.02598459,0.0,0.0,0.0,0.0,0.0,0.0,0.008134792,0.008964861,0.0
0.052840415,0.0,0.03796514,0.0,0.089049235,0.02923239,0.0,0.05231026,0.0,0.00027985685,0.0248605,0.08832227,0.029510401,0.0,0.0,0.0,0.0123314895,0.03306273,0.0,0.101901844,0.009528294,0.0,0.0,0.0,0.0,0.060312983,0.045793913,0.0,0.0,0.051142756,0.06466404,0.0,0.0,0.003908865,0.011252517,0.0,0.0,0.058705255,0.058211185,0.04201556,0.04431749,0.02578695,0.025705267,0.0,0.0,0.0,0.0,0.0,0.0,0.00728474,0.008203762,0.0
0.051866442,0.0,0.031498067,0.0,0.08941908,0.028774073,0.0,0.05138181,0.0,0.0043973792,0.018632652,0.088692844,0.029053267,0.0,0.0,0.0,0.011785333,0.030876838,0.0,0.09928805,0.009380108,0.0,0.0,0.0,0.0,0.06038382,0.046316553,0.0,0.0,0.049649797,0.062843725,0.0,0.0,0.00486191,0.011610104,0.0,0.0,0.0564493,0.056046247,0.041355357,0.043638065,0.025194556,0.025123917,0.0,0.0,0.0,0.0,0.0,0.0,0.006832171,0.0077672116,0.0
0.05485995,0.0,0.027810212,0.0,0.087101586,0.028248247,0.0,0.05441575,0.0,0.0057250634,0.015113376,0.08633996,0.028531143,0.0,0.0,0.0,0.01118191,0.029078415,0.0,0.096456885,0.008442925,0.0,0.0,0.0,0.0,0.060008105,0.046104558,0.0,0.0,0.04820481,0.060969263,0.0,0.0,0.0056145974,0.011848815,0.0,0.0,0.05513788,0.05489345,0.04132328,0.04368773,0.02398555,0.023919284,0.0,0.0,0.0,0.0,0.0,0.0,0.0068590455,0.007768601,0.0
0.05790665,0.0,0.027225433,0.0,0.08486836,0.027967665,0.0,0.057507034,0.0,0.0049701445,0.014635591,0.084067285,0.0282466,0.0,0.0,0.0,0.010708489,0.02812144,0.0,0.09470053,0.0072524524,0.0,0.0,0.0,0.0,0.059997972,0.04622302,0.0,0.0,0.047218904,0.0595109,0.0,0.0,0.00576495,0.011762094,0.0,0.0,0.054876182,0.054724623,0.041175507,0.043584235,0.023350682,0.023284355,0.0,0.0,0.0,0.0,0.0,0.0,0.006453963,0.0072552897,0.0
0.06291152,0.0,0.029634483,0.0,0.08350034,0.028204354,0.0,0.06255193,0.0,0.0018282235,0.017058862,0.08263388,0.02846894,0.0,0.0,0.0,0.010597742,0.028732743,0.0,0.094794646,0.0067131603,0.0,0.0,0.0,0.0,0.05879245,0.04515796,0.0,0.0,0.04712075,0.059106752,0.0,0.0,0.00522431,0.011330435,0.0,0.0,0.056245282,0.05618138,0.04118571,0.043626335,0.024241658,0.024173591,0.0,0.0,0.0,0.0,0.0,0.0,0.005831741,0.0066523496,0.0
0.06462289,0.0,0.033791386,0.0,0.08244752,0.028696999,0.0,0.0643121,0.0,0.0,0.02133423,0.08151446,0.028935462,0.0,0.0,0.0,0.010784108,0.029843114,0.0,0.0965441,0.006078887,0.0,0.0,0.0,0.0,0.05729099,0.043932427,0.0,0.0,0.048055105,0.05995452,0.0,0.0,0.004398722,0.010836966,0.0,0.0,0.058818437,0.058701817,0.041938882,0.044349752,0.026963172,0.026902698,0.0,0.0,0.0,0.0,0.0,0.0,0.0061302334,0.006985748,0.0
0.06374816,0.0,0.03933845,0.0,0.080645196,0.0289732,0.0,0.06348002,0.0,0.0,0.026931094,0.07968135,0.029180676,0.0,0.0,0.0,0.011083193,0.030441564,0.0,0.098747745,0.005428676,0.0,0.0,0.0,0.0,0.055959314,0.04294537,0.0,0.0,0.04904442,0.06096504,0.0,0.0,0.0039582606,0.010566084,0.0,0.0,0.060752895,0.060504787,0.042618997,0.044918653,0.030693289,0.030651357,0.0,0.0,0.0,0.0,0.0,0.0,0.00724715,0.008038897,0.0
0.061266657,0.0,0.045458812,0.0,0.078439206,0.028650727,0.0,0.061025828,0.0,0.0,0.032930765,0.077503644,0.028827745,0.0,0.0,0.0,0.011287083,0.030332793,0.0,0.101219304,0.005373698,0.0,0.0,0.0,0.0,0.054898567,0.042302817,0.0,0.0,0.049548216,0.061424173,0.0,0.0,0.0038280804,0.010337535,0.0,0.0,0.061631493,0.061219838,0.043002445,0.04513339,0.033738997,0.033723123,0.0,0.0,0.0,0.0,0.0,0.0,0.008422196,0.009033814,0.0
0.061476033,0.0,0.04934593,0.0,0.07710155,0.028079955,0.0,0.061222523,0.0,0.0,0.03646895,0.07626541,0.028234776,0.0,0.0,0.0,0.011345556,0.030019537,0.0,0.1031294,0.006506445,0.0,0.0,0.0,0.0,0.05403104,0.04199153,0.0,0.0,0.049239583,0.0610025,0.0,0.0,0.0039520618,0.010062315,0.0,0.0,0.060933903,0.060429946,0.042582497,0.044525962,0.036455855,0.036463283,0.0,0.0,0.0,0.0,0.0,0.0,0.009235473,0.009667175,0.0
0.06592362,0.0,0.051590644,0.0,0.07541792,0.027427515,0.0,0.06561852,0.0,0.0,0.038279362,0.074684985,0.027568117,0.0,0.0,0.0,0.011323538,0.03103119,0.0,0.10479969,0.00924728,0.0,0.0,0.0,0.0,0.051762696,0.040275495,0.0,0.0,0.04858172,0.06018801,0.0,0.0,0.0037793554,0.009514617,0.0,0.0,0.06013546,0.05960574,0.04215353,0.043967463,0.03872757,0.038755354,0.0,0.0,0.0,0.0,0.0,0.0,0.010246547,0.01060782,0.0
0.06494011,0.0,0.05167253,0.0,0.0741813,0.026706051,0.0,0.06457978,0.0,0.0,0.038293205,0.07352979,0.026841398,0.0,0.0,0.0,0.0111961765,0.032391097,0.00033397973,0.10506642,0.012473965,0.0,0.0,0.0,0.0,0.049566913,0.03857378,0.0,0.0,0.047451377,0.05883216,0.0,0.0,0.0037789922,0.0091243535,0.0,0.0,0.058682512,0.058022767,0.0413215,0.042895455,0.04147315,0.04154244,0.0,0.0,0.0,0.0,0.0,0.0,0.011530755,0.011734238,0.0
0.059654787,0.0,0.05195124,0.0,0.07262915,0.025546672,0.0,0.059241522,0.0,0.0,0.038571883,0.072059944,0.025689483,0.0,0.0,0.0,0.010825207,0.03249808,0.0009877486,0.10290901,0.015735835,0.0,0.0,0.0,0.0,0.048024274,0.037266456,0.0,0.0,0.044914514,0.055912748,0.0,0.0,0.0045201797,0.0091205705,0.0,0.0,0.05519304,0.054407336,0.039425317,0.04070787,0.042819776,0.04293621,0.0,0.0,0.0,0.0,0.0,0.0,0.012102885,0.012048133,0.0
0.05346343,0.0,0.051980853,0.0,0.072126254,0.023986377,0.0,0.05301459,0.0,0.0,0.0385609,0.07163671,0.02414946,0.0,0.0,0.0,0.010161991,0.03137843,0.001115324,0.0992734,0.019183595,0.0,0.0,0.0,0.0,0.04721828,0.03651665,0.0,0.0,0.041562103,0.052021373,0.0,0.0,0.0057454035,0.009269064,0.0,0.0,0.050555598,0.049738906,0.03715169,0.038229667,0.042345155,0.042496365,0.0,0.0,0.0,0.0,0.0,0.0,0.0117307175,0.01146777,0.0
0.055039994,0.0,0.050311036,0.0,0.07259092,0.02262711,0.0,0.05456572,0.0,0.0,0.03680026,0.07214694,0.02281588,0.0,0.0,0.0,0.009430466,0.030805172,0.0012579565,0.09558819,0.02299963,0.0,0.0,0.0,0.0,0.045564804,0.034784853,0.0,0.0,0.03870509,0.0486682,0.0,0.0,0.0066201966,0.009131808,0.0,0.0,0.047107656,0.046445142,0.035637707,0.036786646,0.0411393,0.041286852,0.0,0.0,0.0,0.0,0.0,0.0,0.011523588,0.011393644,0.0
0.059069663,0.0,0.0464509,0.0,0.07468848,0.022480546,0.0,0.05861523,0.0,0.0,0.033441264,0.074218616,0.022690983,0.0,0.0,0.0,0.008863105,0.031237597,0.0021545468,0.09223284,0.026006302,0.0,0.0,0.0,0.0,0.042928122,0.031907413,0.0,0.0,0.037375644,0.046985712,0.0,0.0,0.006987788,0.008821151,0.0,0.0,0.046061754,0.045523696,0.03515733,0.036485843,0.042408846,0.04252939,0.0,0.0,0.0,0.0,0.0,0.0,0.0128034875,0.013162045,0.0
0.05713026,0.0,0.04130856,0.0,0.077903606,0.023432977,0.0,0.056754112,0.0,0.0,0.02933732,0.077400036,0.023660012,0.0,0.0,0.0,0.008622492,0.032151,0.003434589,0.08994453,0.02661388,0.0,0.0,0.0,0.0,0.04041326,0.02884686,0.0,0.0,0.037539773,0.04702769,0.0,0.0,0.006884994,0.008552732,0.0,0.0,0.048000995,0.04744777,0.03600756,0.03749262,0.046048377,0.046134148,0.00022286254,0.0,0.0,0.0,0.0,0.0,0.015327066,0.01620021,0.0
0.05355561,0.0,0.03752292,0.0,0.08053483,0.024601342,0.0,0.053264543,0.0,0.0,0.026182286,0.0800911,0.024837155,0.0,0.0,0.0,0.0087352665,0.033364516,0.004339786,0.09114599,0.02556143,0.0,0.0,0.0,0.0,0.03946707,0.027120989,0.0,0.0,0.038632818,0.048236266,0.0,0.0,0.0061533675,0.008158423,0.0,0.0,0.052300386,0.05172317,0.038149226,0.03983688,0.048022196,0.048059892,0.001212386,0.0,0.0,0.0,0.000716066,0.0,0.01712111,0.018230725,0.0
0.055372458,0.0,0.034631275,0.0,0.08289026,0.025865668,0.0,0.05512636,0.0,0.0,0.023329701,0.0825154,0.026099607,0.0,0.0,0.0,0.0094119925,0.03684519,0.004967245,0.09782418,0.024236465,0.0,0.0,0.0,0.0,0.039211262,0.026045024,0.0,0.0,0.041547462,0.051643148,0.0,0.0,0.0042186473,0.007384998,0.0,0.0,0.0601779,0.05971325,0.042312235,0.04440331,0.04736469,0.047333412,0.0012708316,0.0,0.0,0.0,0.0021693204,0.00035395473,0.017714642,0.018963557,0.0
0.06295917,0.0,0.03158502,0.0,0.08452682,0.02748803,0.0,0.06270614,0.0,0.0,0.020083979,0.084190995,0.02770416,0.0,0.0009130528,0.0,0.010709722,0.042771608,0.005845871,0.10880136,0.023117313,0.0,0.0,0.0,0.0,0.039329566,0.025603388,0.0,0.0,0.04626845,0.057274513,0.0,0.0,0.001479256,0.0065003354,0.0,0.0,0.070469,0.070172764,0.04766445,0.050235137,0.04574424,0.04563071,0.0011499629,0.0,0.0,0.0,0.003401218,0.0013086852,0.017817644,0.019187296,0.0
0.06727906,0.0,0.028072203,0.0,0.08570241,0.029166292,0.0,0.067009374,0.0,0.0,0.016462553,0.08536178,0.029355131,0.0,0.0028773076,0.0,0.012568705,0.05043695,0.007023372,0.12200996,0.022040876,0.0,0.0,0.0,0.0,0.039151065,0.02513517,0.0,0.0,0.052540824,0.0648474,0.0,0.0,0.0,0.0059847217,0.0,0.0,0.08309264,0.082942456,0.05432742,0.057299163,0.045200244,0.04503256,0.0011045646,0.0,0.0,0.0,0.0046644956,0.0023313481,0.018220693,0.019648502,0.0
0.066802725,0.0,0.026168011,0.0,0.08502668,0.030040853,0.0,0.066515505,0.0,0.0,0.014122865,0.08470848,0.030200772,0.0,0.004967682,0.0,0.014620048,0.05747548,0.0076271957,0.13412791,0.020943133,0.0,0.0,0.0,0.0,0.03942423,0.025290549,0.0,0.0,0.05841036,0.07217075,0.0,0.0,0.0,0.0062188487,0.0,0.0,0.095278524,0.09532064,0.06086865,0.06410927,0.044323906,0.044141125,0.0012526084,0.0,0.0,0.0,0.00541233,0.0028227586,0.018049894,0.01929214,0.0
0.06584069,0.0,0.02551192,0.0,0.08315797,0.029805982,0.0,0.06553372,0.0,0.0,0.0126439035,0.08291025,0.02994059,0.0,0.006685742,0.0,0.01644254,0.062512845,0.007325858,0.14317048,0.020594437,0.0,0.0,0.0,0.0,0.04050041,0.026332865,0.0,0.0,0.062743485,0.07780561,0.0,0.0,0.0,0.0069055287,0.0,0.0,0.10478799,0.10512531,0.065871984,0.069260046,0.041773807,0.04159833,0.0014917576,0.0,0.0,0.0,0.0049546836,0.002186317,0.016561562,0.017493736,0.0
0.0682754,0.0,0.024145842,0.0,0.0808101,0.029024791,0.0,0.06793144,0.0,0.0,0.010580375,0.080654554,0.029141957,0.0,0.0077717416,0.0,0.017820442,0.065552555,0.0065386607,0.14768732,0.02132477,0.0,0.0,0.0,0.0,0.04191079,0.02778867,0.0,0.0,0.0652914,0.08132778,0.0,0.0,0.0,0.007683618,0.0,0.0,0.10996978,0.11064869,0.06827524,0.07165074,0.038064506,0.037907884,0.002200806,0.0,0.0,0.0,0.00373312,0.0009351969,0.0142355915,0.014881972,0.0
0.07035423,0.0,0.020451872,0.0,0.07857496,0.028257767,0.0,0.06993936,0.0,0.0,0.006974444,0.07853371,0.028375305,0.0,0.008252134,0.0,0.01859232,0.066531286,0.005818417,0.14735001,0.022891289,0.0,0.0,0.0,0.0,0.043102738,0.029162608,0.0,0.0,0.06600279,0.08255358,0.0,0.0,0.0,0.008405133,0.0,0.0,0.10969867,0.11058525,0.0678767,0.070966974,0.03584658,0.0357299,0.0029296125,0.0,0.0,0.0,0.0024817605,0.0,0.012766205,0.013259663,0.0
0.07042553,0.0,0.016441155,0.0,0.0773955,0.027773146,0.0,0.06990217,0.0,0.0,0.0038842335,0.0774508,0.027920358,0.0,0.008094183,0.0,0.018422222,0.06348708,0.005348038,0.14093408,0.02462357,0.0,0.0,0.0,0.0,0.043691035,0.030005623,0.0,0.0,0.06412587,0.080558196,0.0,0.0,0.0,0.0095247375,0.0,0.0,0.10201453,0.10289419,0.06425289,0.06673724,0.036124088,0.03607759,0.0030057905,0.0,0.0,0.0,0.0017620549,0.0,0.012972424,0.013520891,0.0
0.06806548,0.0,0.014584426,0.0,0.07862389,0.027456999,0.0,0.06743744,0.0,0.0,0.0030862316,0.078721054,0.027666379,0.0,0.0066265278,0.0,0.016835889,0.054059967,0.0049398574,0.12562715,0.025320303,0.0,0.0,0.0,0.0,0.044074886,0.030482724,0.0,0.0,0.05797285,0.0735047,0.0,0.0,0.00086199585,0.011390856,0.0,0.0,0.08422162,0.08494658,0.05544066,0.0570005,0.037947208,0.03797528,0.0015792223,0.0,0.0,0.0,0.0011838209,0.0,0.013540655,0.01419058,0.0
0.06761562,0.0,0.014644621,0.0,0.08226619,0.027239993,0.0,0.06698056,0.0,0.0,0.0033197328,0.08233242,0.027530804,0.0,0.0037102655,0.0,0.013677413,0.039038848,0.004523246,0.1008311,0.02471085,0.0,0.0,0.0,0.0,0.04443026,0.030354641,0.0,0.0,0.047861397,0.061701998,0.0,0.0,0.008056195,0.01366295,0.0,0.0,0.059397865,0.059994467,0.041965254,0.04258467,0.038835526,0.038899,0.0,0.0,0.0,0.0,0.00035144668,0.0,0.013173226,0.014039426,0.0
0.06883008,0.0,0.013843317,0.0,0.08707118,0.027497359,0.0,0.06836547,0.0,0.0,0.0016722754,0.08702136,0.027870849,0.0,0.0,0.0,0.009389065,0.021261573,0.0033280188,0.066779345,0.021438198,0.0,0.0,0.0,0.0,0.045157608,0.02973515,0.0,0.0,0.035771,0.0473253,0.003383078,0.0,0.015774641,0.016370583,0.0,0.0,0.033227094,0.033876732,0.026315387,0.026218422,0.038866945,0.038902655,0.0,0.0,0.0,0.0,0.0,0.0,0.011254312,0.0124914255,0.0
0.06987557,0.0,0.009387881,0.0,0.09300659,0.028981948,0.0,0.06970998,0.0,0.00076807477,0.0,0.0927224,0.02942786,0.0,0.0,0.0,0.004809509,0.0049330946,0.00076329615,0.02845573,0.014107566,0.0,0.0,0.0,0.0,0.04578263,0.02830929,0.0,0.0,0.025403233,0.034503207,0.007860793,0.0,0.022610525,0.019663315,0.0,0.0,0.01283028,0.013699995,0.013090631,0.01260973,0.04024592,0.040182285,0.0,0.0,0.0,0.0,0.0,0.0,0.009112855,0.011146406,0.0
0.06593156,0.0,0.0024177544,0.0,0.10000701,0.031603664,0.0,0.06606776,0.0,0.005672723,0.0,0.09940763,0.03209333,0.0,0.0,0.0,0.00077438634,0.0,0.0,0.0,0.0040553077,0.0,0.0,0.0,0.0,0.045993187,0.0262793,0.0,0.0,0.019437624,0.026380641,0.011870735,0.0,0.027691241,0.023211569,0.0,0.0,0.0026339125,0.0036545247,0.0054225577,0.0048508802,0.04372347,0.043509673,0.0,0.0,0.0,0.0,0.0006139558,0.0,0.008386767,0.011554336,0.0
0.058410034,0.0,0.0,0.0,0.10706647,0.034550957,0.0,0.05868424,0.0,0.012392502,0.0,0.1062008,0.03504102,0.0,0.0,0.0,0.0,0.0,0.0,0.0,0.0,0.0,0.0,0.0,0.0,0.045989197,0.024643254,0.0,0.0,0.019357763,0.0250816,0.014420239,0.0,0.029864231,0.025650261,0.0016730529,0.0,0.0047434196,0.0056835823,0.00464351,0.004354653,0.04768548,0.047304552,0.0,0.0,0.0,0.0,0.0031451453,0.0025590025,0.010061737,0.014369346,0.0
0.051870666,0.0,0.0,0.0,0.11132799,0.036965482,0.0,0.05207526,0.0,0.018486207,0.0,0.11029889,0.037411124,0.0,0.0,0.0,0.0,0.0061350446,0.0,0.0,0.0,0.0,0.0,0.0,0.0,0.044375688,0.0227459,0.0,0.0,0.025166951,0.031176612,0.014278062,0.0,0.028035512,0.025464058,0.0022852137,0.0,0.018558921,0.01921664,0.010547223,0.010956428,0.05096746,0.05044762,0.0,0.0,0.0,0.0,0.006266935,0.006074216,0.014413275,0.019645737,0.0
0.04986156,0.0,0.0,0.0,0.11123033,0.03887694,0.0,0.049872153,0.0,0.021295208,0.0,0.11016759,0.03925841,0.0,0.00072105246,0.0,0.0004390292,0.023999237,0.0,0.025604965,0.0025691174,0.0,0.0,0.0,0.0,0.041481927,0.021081664,0.0,0.0,0.035290368,0.04305348,0.011556533,0.0,0.023047408,0.02249502,0.0,0.0,0.037525002,0.03787285,0.019974923,0.021296442,0.05459629,0.054023735,0.0,0.0,0.0,0.0,0.00978221,0.009851519,0.020304035,0.026147917,0.0
0.053679537,0.0,0.0,0.0,0.10776998,0.040327698,0.0,0.053530544,0.0,0.019339038,0.0,0.106733285,0.040658955,0.0,0.0025468047,0.0,0.0044953777,0.04032269,0.0049072793,0.058210634,0.008040318,0.0,0.0,0.0,0.0,0.036538877,0.017837524,0.0,0.0,0.046745166,0.057138443,0.0077092573,0.0,0.016737504,0.018211976,0.0,0.0,0.055647977,0.056022942,0.030451594,0.032752506,0.057812296,0.057283495,0.0043360977,0.0,0.0,0.0,0.0132641895,0.013241457,0.025375733,0.03163793,0.0
0.056374207,0.0,0.0,0.0,0.10350495,0.041005857,0.0,0.056151707,0.0,0.013721209,0.0,0.1025457,0.04131125,0.0,0.0040123947,0.0,0.008488316,0.051581215,0.007905219,0.08433447,0.011532916,0.0,0.0,0.0,0.0,0.030708643,0.012966044,0.0,0.0,0.056216054,0.06909602,0.0039789947,0.0,0.010681361,0.014344033,0.0,0.0,0.070011854,0.070702985,0.040375754,0.043549873,0.058738507,0.058302693,0.007977033,0.0,0.0,0.0,0.015656408,0.015284566,0.028367862,0.03468264,0.0
0.05748663,0.0,0.0,0.0,0.09923962,0.040466756,0.0,0.05720228,0.0,0.006029781,0.0,0.098419555,0.04075989,0.0,0.0056697195,0.0,0.011594366,0.05879213,0.0085341055,0.10294944,0.01320758,0.0,0.0,0.0,0.0,0.026613167,0.008928303,0.0,0.0,0.06247668,0.07711203,0.0010854511,0.0,0.005452662,0.011619749,0.0,0.0,0.08178226,0.082840934,0.049483106,0.053354826,0.05557873,0.055217523,0.009698842,0.0,0.0,0.0,0.016244777,0.01547892,0.029379541,0.03528502,0.0
0.058932014,0.0,0.005540671,0.0,0.09479492,0.03875766,0.0,0.058565546,0.0,0.0,0.0,0.094156176,0.039038435,0.0,0.0070712925,0.0,0.013776525,0.06245698,0.0073618866,0.115928754,0.013810219,0.0,0.0,0.0,0.0,0.025928022,0.007891007,0.0,0.0,0.06560062,0.0811636,0.0,0.0,0.0016180947,0.010168256,0.0,0.0,0.09090938,0.09228231,0.05657713,0.060887005,0.050055813,0.049746677,0.009504327,0.0,0.0,0.0,0.015003207,0.013815306,0.028166652,0.03323593,0.0
0.064230226,0.0,0.013284318,0.0,0.09057365,0.0365681,0.0,0.06375997,0.0,0.0,0.00531134,0.09011736,0.036829554,0.0,0.00734305,0.0,0.015243946,0.06271824,0.0054234443,0.12452325,0.01462524,0.0,0.0,0.0,0.0,0.028613307,0.010174017,0.0,0.0,0.06589952,0.08177307,0.0,0.0,0.0,0.009787811,0.0,0.0,0.09536567,0.09700042,0.05998405,0.06439877,0.045008,0.044743095,0.007993139,0.0,0.0,0.0,0.012184548,0.010556346,0.024608951,0.028602192,0.0
0.06902307,0.0,0.018886514,0.0,0.08766511,0.034308396,0.0,0.06846815,0.0,0.0,0.009632446,0.08733502,0.03454378,0.0,0.0067460155,0.0,0.016362354,0.06155898,0.0035899365,0.13064489,0.016028278,0.0,0.0,0.0,0.0,0.031615168,0.012916885,0.0,0.0,0.06491113,0.080883905,0.0,0.0,0.0,0.009554664,0.0,0.0,0.0973794,0.09918753,0.061108638,0.06535322,0.041600067,0.041377485,0.0060124584,0.0,0.0,0.0,0.008475815,0.0064890357,0.020026471,0.022925962,0.0
0.06910443,0.0,0.020514695,0.0,0.08596336,0.032313015,0.0,0.06849463,0.0,0.0,0.010609031,0.08575179,0.032523412,0.0,0.005898013,0.0,0.01715675,0.059363224,0.002069504,0.13440359,0.017712366,0.0,0.0,0.0,0.0,0.034043077,0.015510708,0.0,0.0,0.06345138,0.07940435,0.0,0.0,0.0,0.009422027,0.0,0.0,0.09764224,0.09944773,0.061343625,0.06523114,0.03950407,0.0393214,0.004070676,0.0,0.0,0.0,0.0048259012,0.0026514335,0.016273864,0.018216519,0.0
0.067336716,0.0,0.019195318,0.0,0.083868295,0.030459784,0.0,0.06669499,0.0,0.0,0.009143446,0.08376088,0.030655265,0.0,0.0053016758,0.0,0.017459366,0.056554522,0.000695738,0.13553996,0.018840998,0.0,0.0,0.0,0.0,0.034984883,0.017017405,0.0,0.0,0.062058203,0.077849805,0.0,0.0,0.0,0.009216135,0.0,0.0,0.09701416,0.09870055,0.061893422,0.06542931,0.03813888,0.037978705,0.0025767833,0.0,0.0,0.0,0.002051237,0.0,0.014804299,0.016169537,0.0
0.06719702,0.0,0.018239288,0.0,0.08076812,0.02897675,0.0,0.06653305,0.0,0.0,0.008203957,0.08073305,0.029169034,0.0,0.005019943,0.0,0.017221572,0.053557776,0.0,0.1338846,0.019155625,0.0,0.0,0.0,0.0,0.035443358,0.01823125,0.0,0.0,0.060638774,0.07606825,0.0,0.0,0.0,0.009081384,0.0,0.0,0.094899386,0.09638736,0.062225766,0.06545743,0.038067725,0.03792133,0.0016763336,0.0,0.0,0.0,0.00051741954,0.0,0.015193483,0.01629841,0.0
0.06613212,0.0,0.018173294,0.0,0.07891421,0.02799271,0.0,0.06547229,0.0,0.0,0.008252915,0.07889322,0.028189443,0.0,0.004881406,0.0,0.016668051,0.05088792,0.0,0.1298054,0.018365623,0.0,0.0,0.0,0.0,0.03561392,0.019013349,0.0,0.0,0.059211627,0.0742051,0.0,0.0,0.0,0.0088185,0.0,0.0,0.09171461,0.09299361,0.06164237,0.0646133,0.038691618,0.03856121,0.0011336023,0.0,0.0,0.0,0.0,0.0,0.015721198,0.016740523,0.0
0.06411263,0.0,0.01787091,0.0,0.079263106,0.027569218,0.0,0.06348435,0.0,0.0,0.007927479,0.079260156,0.02777189,0.0,0.0046896106,0.0,0.01606269,0.048219103,0.0,0.1246866,0.016733598,0.0,0.0,0.0,0.0,0.036708847,0.020377789,0.0,0.0,0.057561085,0.07219713,0.0,0.0,0.0,0.008621977,0.0,0.0,0.08813758,0.08929606,0.060260326,0.06305438,0.038424436,0.03830441,0.000323124,0.0,0.0,0.0,0.0,0.0,0.015048663,0.015956812,0.0
0.06469229,0.0,0.016795324,0.0,0.079836875,0.02749989,0.0,0.06411658,0.0,0.0,0.006733639,0.0798462,0.027702935,0.0,0.004297439,0.0,0.015592064,0.045364935,0.0,0.120469555,0.014775318,0.0,0.0,0.0,0.0,0.037650593,0.021188233,0.0,0.0,0.056102473,0.07052813,0.0,0.0,0.0,0.00849869,0.0,0.0,0.08572526,0.086909235,0.05958379,0.062390175,0.036793225,0.036665417,0.0,0.0,0.0,0.0,0.0,0.0,0.0140838055,0.014986059,0.0
0.067723185,0.0,0.0139289405,0.0,0.08032185,0.027813677,0.0,0.06721458,0.0,0.0,0.0037324205,0.08036241,0.028007686,0.0,0.0038777236,0.0,0.015248958,0.042706735,0.0,0.117118254,0.012474654,0.0,0.0,0.0,0.0,0.038744774,0.022341087,0.0,0.0,0.055453524,0.06979522,0.0,0.0,0.0,0.008402436,0.0,0.0,0.08458806,0.085815996,0.059536234,0.062407985,0.035149444,0.034998372,0.0,0.0,0.0,0.0,0.0,0.0,0.013062808,0.013977934,0.0
0.06887108,0.0,0.010616098,0.0,0.07949859,0.028200533,0.0,0.06843625,0.0,0.0,0.000352744,0.07953151,0.028378222,0.0,0.0037601506,0.0,0.015089202,0.04129324,0.0,0.11551763,0.010114258,0.0,0.0,0.0,0.0,0.0392071,0.023057956,0.0,0.0,0.05585525,0.07023355,0.0,0.0,0.0,0.008447103,0.0,0.0,0.08546601,0.08666533,0.0607279,0.06368593,0.03445906,0.03428638,0.0,0.0,0.0,0.0,0.0,0.0,0.01321594,0.014197437,0.0
0.06534189,0.0,0.0061756056,0.0,0.08002354,0.028463503,0.0,0.06497179,0.0,0.0,0.0,0.080058254,0.028620955,0.0,0.0037563406,0.0,0.015039764,0.04005923,0.0,0.114716396,0.0078540165,0.0,0.0,0.0,0.0,0.0407587,0.02524596,0.0,0.0,0.05664022,0.07112837,0.0,0.0,0.0,0.008584129,0.0,0.0,0.08651823,0.087616846,0.061729137,0.06467772,0.033175275,0.032990474,0.0,0.0,0.0,0.0,0.0,0.0,0.01279788,0.013749809,0.0
0.06274354,0.0,0.0013250783,0.0,0.08054793,0.028287392,0.0,0.062414464,0.0,0.0,0.0,0.080570295,0.028427608,0.0,0.0036019208,0.0,0.015024131,0.038598854,0.0,0.114889726,0.006470429,0.0,0.0,0.0,0.0,0.04240872,0.027546559,0.0,0.0,0.056995116,0.071615204,0.0,0.0,0.0,0.008895612,0.0,0.0,0.08720149,0.0883248,0.062620535,0.06559388,0.03056138,0.030369034,0.0,0.0,0.0,0.0,0.0,0.0,0.012101543,0.013051179,0.0
0.06418345,0.0,0.0,0.0,0.08068104,0.027935885,0.0,0.06386919,0.0,0.0,0.0,0.0806364,0.028062943,0.0,0.0030497052,0.0,0.014928088,0.03667181,0.0,0.114853926,0.0062811207,0.0,0.0,0.0,0.0,0.04294481,0.028828556,0.0,0.0,0.056611538,0.071252644,0.0,0.0,0.0,0.009208123,0.0,0.0,0.08639345,0.0876272,0.062520415,0.06546022,0.028155979,0.02797569,0.0,0.0,0.0,0.0,0.0,0.0,0.011279853,0.012261214,0.0
0.066144735,0.0,0.0,0.0,0.0804666,0.02776445,0.0,0.06581936,0.0,0.0,0.0,0.08031236,0.027887711,0.0,0.0020996523,0.0,0.014642954,0.033885743,0.0,0.113024935,0.0070571285,0.0,0.0,0.0,0.0,0.04253975,0.029261723,0.0,0.0,0.054964356,0.06941462,0.0,0.0,0.0,0.009853781,0.0,0.0,0.08237121,0.083664104,0.060572967,0.063299134,0.02788803,0.02775024,0.0,0.0,0.0,0.0,0.0,0.0,0.010994222,0.01198068,0.0
0.06676582,0.0,0.0,0.0,0.08005279,0.02766473,0.0,0.06641197,0.0,0.0,0.0,0.07975815,0.02779741,0.0,0.0008337335,0.0,0.01398444,0.029708814,0.0,0.10809414,0.00829791,0.0,0.0,0.0,0.0,0.041441794,0.028963305,0.0,0.0,0.051569737,0.0655103,0.0,0.0,0.00015590386,0.010908095,0.0,0.0,0.07440841,0.07570021,0.05660826,0.058928423,0.029212812,0.029141804,0.0,0.0,0.0,0.0,0.0,0.0,0.011306955,0.012225993,0.0
0.06615851,0.0,0.0,0.0,0.08099034,0.02754606,0.0,0.06578767,0.0,0.0,0.0,0.08061711,0.02769879,0.0,0.0,0.0,0.012788942,0.023482213,0.0,0.09907082,0.009620672,0.0,0.0,0.0,0.0,0.040898386,0.029224055,0.0,0.0,0.04603342,0.059085503,0.0,0.0,0.003910938,0.012298954,0.0,0.0,0.06245497,0.06372115,0.050400212,0.052150987,0.030754317,0.030752106,0.0,0.0,0.0,0.0,0.0,0.0,0.010800594,0.011455855,0.0
0.067483194,0.0,0.0,0.0,0.08142958,0.027080996,0.0,0.06714394,0.0,0.0,0.0,0.081017226,0.027257249,0.0,0.0,0.0,0.011135655,0.017136395,0.0,0.087451756,0.011443078,0.0,0.0,0.0,0.0,0.039153494,0.0280632,0.0,0.0,0.039120406,0.05097414,0.0,0.0,0.007663549,0.013680787,0.0,0.0,0.050101787,0.051445127,0.044010878,0.045287266,0.03161324,0.031662505,0.0,0.0,0.0,0.0,0.0,0.0,0.009832955,0.010104338,0.0
0.067962736,0.0,0.0,0.0,0.08165694,0.026580311,0.0,0.06771662,0.0,0.0,0.0,0.081256524,0.026775125,0.0,0.0,0.0,0.00928092,0.01180242,0.0,0.07491958,0.013227761,0.0,0.0,0.0,0.0,0.03702668,0.026405687,0.0,0.0,0.032535315,0.043049395,0.0,0.0,0.010704429,0.014921609,0.0,0.0,0.040048275,0.041427586,0.039023902,0.040007994,0.032693774,0.032768086,0.0,0.0,0.0,0.0,0.0,0.0,0.009030193,0.008962842,0.0
0.06445961,0.0,0.0,0.0,0.08178506,0.026218414,0.0,0.06435765,0.0,0.0,0.0,0.08139551,0.026426092,0.0,0.0,0.0,0.007476514,0.008118929,0.0,0.06357448,0.014199037,0.0,0.0,0.0,0.0,0.034655057,0.024309322,0.0,0.0,0.027893571,0.037157476,0.0,0.0,0.01280871,0.015948087,0.0,0.0,0.034071982,0.035366666,0.036534794,0.037423067,0.034992322,0.035068266,0.0,0.0,0.0,0.0,0.0,0.0,0.009762609,0.0096369125,0.0
0.05834221,0.0,0.0,0.0,0.08257878,0.02641114,0.0,0.058385693,0.0,0.0,0.0,0.08224046,0.026624374,0.0,0.0,0.0,0.0059716664,0.005717697,0.0,0.05487053,0.013331239,0.0,0.0,0.0,0.0,0.033048335,0.022777159,0.0,0.0,0.025613554,0.033936974,0.0,0.0,0.013757375,0.016468318,0.0,0.0,0.03174785,0.032813843,0.035720143,0.03660475,0.038108584,0.03815634,0.0,0.0,0.0,0.0,0.0,0.0,0.011361305,0.011414086,0.0
0.052958213,0.0,0.0,0.0,0.082751356,0.026964987,0.0,0.053095307,0.0,0.0,0.0,0.082526565,0.027175054,0.0,0.0,0.0,0.0048774416,0.0047539524,0.0,0.05075153,0.011008874,0.0,0.0,0.0,0.0,0.032048028,0.021613546,0.0,0.0,0.025169974,0.03296067,0.0,0.0,0.013434395,0.01626544,0.0,0.0,0.032423276,0.033251405,0.03598109,0.036924038,0.040213745,0.040208545,0.0,0.0,0.0,0.0,0.0,0.0,0.012950478,0.0132025,0.0
0.05430918,0.0,0.0,0.0,0.08142914,0.027728088,0.0,0.054445926,0.0,0.0,0.0,0.08134391,0.027923767,0.0,0.0,0.0,0.004376306,0.006024225,0.0,0.053038687,0.009160939,0.0,0.0,0.0,0.0,0.031189486,0.020593334,0.0,0.0,0.026370702,0.034036476,0.0,0.0,0.011995571,0.01532737,0.0,0.0,0.03599079,0.03666996,0.03743415,0.038541105,0.040911295,0.040838916,0.0,0.0,0.0,0.0,0.0,0.0,0.014043361,0.01449362,0.0
0.057936843,0.0,0.0,0.0,0.07891769,0.028537655,0.0,0.058011256,0.0,0.0,0.0,0.07890986,0.028711304,0.0,0.0,0.0,0.0045214286,0.008773559,0.0,0.060552288,0.0087051205,0.0,0.0,0.0,0.0,0.0306562,0.020104479,0.0,0.0,0.028776508,0.036654737,0.0,0.0,0.010533965,0.014322269,0.0,0.0,0.04091925,0.041490052,0.039696828,0.04099597,0.04204882,0.04192557,0.0,0.0,0.0,0.0,0.0,0.0,0.015480036,0.01615026,0.0
0.060020857,0.0,0.00026905723,0.0,0.07720398,0.0292822,0.0,0.06003224,0.0,0.0,0.0,0.07718648,0.029431127,0.0,0.0,0.0,0.0052810246,0.012124963,0.0,0.07000552,0.008904342,0.0,0.0,0.0,0.0,0.030219201,0.019989597,0.0,0.0,0.031836614,0.04027706,0.0,0.0,0.009142885,0.013414728,0.0,0.0,0.046426598,0.046941433,0.042137913,0.04359779,0.04309318,0.042946175,0.0,0.0,0.0,0.0,0.0,0.0,0.01630093,0.017137472,0.0
0.059359953,0.0,0.004557645,0.0,0.07594834,0.029623462,0.0,0.059328835,0.0,0.0,0.0,0.07589517,0.029747993,0.0,0.0,0.0,0.0063471016,0.015196295,0.0,0.07926482,0.009071755,0.0,0.0,0.0,0.0,0.029982146,0.02012138,0.0,0.0,0.03442274,0.04360616,0.0,0.0,0.00772574,0.0126487585,0.0,0.0,0.051663887,0.052206777,0.04433137,0.045944076,0.04298179,0.04282321,0.0,0.0,0.0,0.0,0.0,0.0,0.01619958,0.01704758,0.0
0.059892103,0.0,0.008207422,0.0,0.07541522,0.02960486,0.0,0.059829175,0.0,0.0,0.0,0.07530922,0.02970506,0.0,0.0,0.0,0.0075223646,0.018309511,0.0,0.08820124,0.009637089,0.0,0.0,0.0,0.0,0.029460827,0.019973023,0.0,0.0,0.036568478,0.04654875,0.0,0.0,0.005938787,0.011792936,0.0,0.0,0.0572126,0.05788942,0.04661722,0.048391208,0.041521896,0.041358203,0.0,0.0,0.0,0.0,0.0,0.0,0.014874928,0.015578954,0.0
0.0618527,0.0,0.011570912,0.0,0.074017815,0.029389981,0.0,0.061767634,0.0,0.0,0.0009860769,0.07383187,0.02946633,0.0,0.0,0.0,0.008793158,0.02195188,0.0,0.0975764,0.010670466,0.0,0.0,0.0,0.0,0.028105803,0.018847933,0.0,0.0,0.03898187,0.04972949,0.0,0.0,0.0041006636,0.011062355,0.0,0.0,0.0642107,0.06503649,0.050182015,0.052186675,0.040716033,0.040555045,0.0,0.0,0.0,0.0,0.0,0.0,0.014347407,0.014962708,0.0
0.060646947,0.0,0.01494254,0.0,0.07221621,0.029156288,0.0,0.060558017,0.0,0.0,0.0040092524,0.07193372,0.02921053,0.0,0.0,0.0,0.010102485,0.025361799,0.0,0.106114775,0.011267928,0.0,0.0,0.0,0.0,0.026856745,0.017814742,0.0,0.0,0.04166766,0.053143457,0.0,0.0,0.0026695225,0.010684231,0.0,0.0,0.07153995,0.07241349,0.054273732,0.056440137,0.041113857,0.040977143,0.0,0.0,0.0,0.0,0.0,0.0,0.014771243,0.015248388,0.0
0.058919866,0.0,0.018047187,0.0,0.07012218,0.028787587,0.0,0.058828376,0.0,0.0,0.006871459,0.06977917,0.028822519,0.0,0.0,0.0,0.011332344,0.028176796,0.0,0.11334045,0.011011559,0.0,0.0,0.0,0.0,0.026216771,0.017331608,0.0,0.0,0.044186108,0.056335375,0.0,0.0,0.0013850462,0.0104218,0.0,0.0,0.07872446,0.07961654,0.05842083,0.06070278,0.041284543,0.041173745,0.0,0.0,0.0,0.0,0.0,0.0,0.015269383,0.015493717,0.0
0.059735924,0.0,0.020746432,0.0,0.06704018,0.028173158,0.0,0.059621505,0.0,0.0,0.009198993,0.066684574,0.0281893,0.0,0.0004808195,0.0,0.012435202,0.031042477,0.0,0.12058622,0.010386913,0.0,0.0,0.0,0.0,0.026429959,0.01749366,0.0,0.0,0.046600573,0.05931247,0.0,0.0,0.0,0.010088059,0.0,0.0,0.08623307,0.0871638,0.06306969,0.06550644,0.04039026,0.040294107,0.0,0.0,0.0,0.0,0.0003306612,0.0,0.015897572,0.015771767,0.0
0.06354581,0.0,0.02292823,0.0,0.06381324,0.027610768,0.0,0.06339279,0.0,0.0,0.01095723,0.06345633,0.027605727,0.0,0.0019869618,0.0,0.013589408,0.034844413,0.0,0.12858835,0.009630572,0.0,0.0,0.0,0.0,0.02698946,0.017892767,0.0,0.0,0.049580313,0.062818885,0.0,0.0,0.0,0.009548881,0.0,0.0,0.09506942,0.09604105,0.06852606,0.071173295,0.039301038,0.039211433,0.0,0.0,0.0,0.0,0.00072227314,0.0,0.016620481,0.016204875,0.0
0.065187976,0.0,0.024431707,0.0,0.06057227,0.027019618,0.0,0.065002784,0.0,0.0,0.012168692,0.06021837,0.026990948,0.0,0.003789544,0.0,0.014820332,0.03942405,0.0,0.13687631,0.008366048,0.0,0.0,0.0,0.0,0.028349895,0.019126028,0.0,0.0,0.053093158,0.06686777,0.0,0.0,0.0,0.00903407,0.0,0.0,0.10472637,0.1056827,0.07436161,0.077200115,0.0382839,0.03820446,0.0,0.0,0.0,0.0,0.001283155,0.0,0.017687298,0.016995762,0.0
0.06497495,0.0,0.024914272,0.0,0.05871295,0.026449293,0.0,0.064765446,0.0,0.0,0.012525794,0.058384657,0.026398119,0.0,0.0054366672,0.0,0.015978541,0.043076057,0.0,0.14337629,0.00703972,0.0,0.0,0.0,0.0,0.031012505,0.021934344,0.0,0.0,0.056050103,0.07034279,0.0,0.0,0.0,0.008735631,0.0,0.0,0.112376444,0.11328553,0.078577235,0.08142819,0.03704142,0.03698636,0.0,0.0,0.0,0.0,0.0017138416,0.0,0.017790107,0.016768703,0.0
0.0640834,0.0,0.023289945,0.0,0.05789891,0.025753448,0.0,0.06384155,0.0,0.0,0.01092446,0.05762832,0.02568724,0.0,0.0067533813,0.0,0.01686409,0.045392785,0.0,0.14734006,0.0060040914,0.0,0.0,0.0,0.0,0.034732245,0.025993058,0.0,0.0,0.05786428,0.072579004,0.0,0.0,0.0,0.008640996,0.0,0.0,0.1167199,0.11759788,0.08086698,0.08358124,0.034382906,0.034353144,0.0,0.0,0.0,0.0,0.0016912655,0.0,0.017086532,0.015647529,0.0
0.064329274,0.0,0.02086946,0.0,0.057449292,0.025041372,0.0,0.064034715,0.0,0.0,0.00876398,0.057239026,0.024972513,0.0,0.007523071,0.0,0.017336696,0.046124235,0.0,0.14864582,0.005877547,0.0,0.0,0.0,0.0,0.03801353,0.02966962,0.0,0.0,0.058315374,0.07321335,0.0,0.0,0.0,0.008777743,0.0,0.0,0.11723266,0.11808625,0.081366524,0.083829775,0.031541754,0.03154086,0.0,0.0,0.0,0.0,0.0015133143,0.0,0.016398638,0.014603334,0.0
0.065039694,0.0,0.01895445,0.0,0.057269253,0.024371738,0.0,0.06466666,0.0,0.0,0.0073308847,0.05711177,0.024314364,0.0,0.0075665386,0.0,0.017245391,0.044974852,0.0,0.14635624,0.006677976,0.0,0.0,0.0,0.0,0.040519275,0.032695297,0.0,0.0,0.05700835,0.07177265,0.0,0.0,0.0,0.0092133535,0.0,0.0,0.112575874,0.11337641,0.07927139,0.08128301,0.02952965,0.029568272,0.0,0.0,0.0,0.0,0.0011373541,0.0,0.015767299,0.013566424,0.0
0.065280624,0.0,0.017827598,0.0,0.05747516,0.023605876,0.0,0.0648108,0.0,0.0,0.0067236274,0.057355303,0.023571234,0.0,0.006953827,0.0,0.016552148,0.0420947,0.0,0.14081144,0.008606065,0.0,0.0,0.0,0.0,0.0418772,0.034535185,0.0,0.0,0.053970218,0.06827176,0.0,0.0,0.0,0.009929499,0.0,0.0,0.10317312,0.103894554,0.07478435,0.07619334,0.028125318,0.028213982,0.0,0.0,0.0,0.0,0.00042253698,0.0,0.015314937,0.012599627,0.0
0.065707,0.0,0.017841661,0.0,0.057048738,0.02261613,0.0,0.06516013,0.0,0.0,0.0069694724,0.056962773,0.022608658,0.0,0.005663895,0.0,0.015284069,0.036871318,0.0,0.1321539,0.011585917,0.0,0.0,0.0,0.0,0.042496026,0.035328865,0.0,0.0,0.04909102,0.06257851,0.0,0.0,0.0,0.011200098,0.0,0.0,0.089990646,0.09065668,0.06858759,0.069401875,0.027494399,0.02763915,0.0,0.0,0.0,0.0,0.0,0.0,0.015406794,0.012108629,0.0
0.06597715,0.0,0.017587544,0.0,0.055909596,0.021504166,0.0,0.06542069,0.0,0.0,0.0065311408,0.05585538,0.021523604,0.0,0.00412161,0.0,0.013610962,0.030278653,0.0,0.12089722,0.014864253,0.0,0.0,0.0,0.0,0.04261719,0.035255086,0.0,0.0,0.04336133,0.055786192,0.0,0.0,0.0033697668,0.012811372,0.0,0.0,0.07590368,0.076592416,0.062085424,0.06252305,0.02703709,0.02722656,0.0,0.0,0.0,0.0,0.0,0.0,0.016252918,0.012478067,0.0
0.067206584,0.0,0.01791681,0.0,0.053659424,0.020567164,0.0,0.06673413,0.0,0.0,0.006387746,0.053638343,0.020608723,0.0,0.0025032416,0.0,0.0117784105,0.023307946,0.0,0.10826628,0.017812083,0.0,0.0,0.0,0.0,0.041867387,0.034051113,0.0,0.0,0.037616007,0.04883473,0.0,0.0,0.0073350407,0.014444539,0.0,0.0,0.0633505,0.06412281,0.056121565,0.05644817,0.027572177,0.027788013,0.0,0.0,0.0,0.0,0.0,0.0,0.017536722,0.013581123,0.0
0.066399366,0.0,0.017457237,0.0,0.05179411,0.020057116,0.0,0.06607567,0.0,0.0,0.0055362135,0.051813602,0.02011456,0.0,0.0012751773,0.0,0.010056857,0.018015545,0.0,0.09644322,0.01949193,0.0,0.0,0.0,0.0,0.04110286,0.032881733,0.0,0.0,0.033180982,0.043273192,0.0,0.0,0.009897195,0.015460551,0.0,0.0,0.05439835,0.055185765,0.051349178,0.051725697,0.028674778,0.028888967,0.0,0.0,0.0,0.0,0.0,0.0,0.018672286,0.014819006,0.0
0.06514522,0.0,0.017430725,0.0,0.04985924,0.020038445,0.0,0.06498489,0.0,0.0,0.0054281065,0.049897976,0.020105397,0.0,0.00029156427,0.0,0.008692663,0.014474802,0.0,0.087650515,0.01976737,0.0,0.0,0.0,0.0,0.03972288,0.031019405,0.0,0.0,0.030370947,0.039581455,0.0,0.0,0.011074851,0.015776776,0.0,0.0,0.04966583,0.05042487,0.048252396,0.048768528,0.031119697,0.031313166,0.0,0.0,0.0,0.0,0.0,0.0,0.019747991,0.016308244,0.0
0.06420497,0.0,0.018176774,0.0,0.04784928,0.020573407,0.0,0.06417272,0.0,0.0,0.006420741,0.047903046,0.020645285,0.0,0.0,0.0,0.0077006314,0.011751013,0.0,0.08198647,0.018620512,0.0,0.0,0.0,0.0,0.038635444,0.029392596,0.0,0.0,0.028868735,0.037458207,0.0,0.0,0.011516042,0.015665725,0.0,0.0,0.047286946,0.0479976,0.046257496,0.04689771,0.034579474,0.03474235,0.0,0.0,0.0,0.0,0.0,0.0,0.02080039,0.017899202,0.0
0.06539133,0.0,0.019727254,0.0,0.04623643,0.021566318,0.0,0.06543492,0.0,0.0,0.008336464,0.046312004,0.021640852,0.0,0.0,0.0,0.0069539947,0.009026019,0.0,0.077795684,0.016804487,0.0,0.0,0.0,0.0,0.037794515,0.028019454,0.0,0.0,0.027854115,0.035990395,0.0,0.0,0.011883538,0.015423927,0.0,0.0,0.04468122,0.045382548,0.044140182,0.04485489,0.03786361,0.037993163,0.0,0.0,0.0,0.0,0.0,0.0,0.0213179,0.018930484,0.0
0.06664252,0.0,0.020349188,0.0,0.045882847,0.02265499,0.0,0.066729076,0.0,0.0,0.009346908,0.046007022,0.022729162,0.0,0.0,0.0,0.0062976885,0.006658676,0.0,0.07458395,0.015299947,0.0,0.0,0.0,0.0,0.037019923,0.026962493,0.0,0.0,0.027061844,0.034825306,0.0,0.0,0.012104688,0.0150604425,0.0,0.0,0.041557506,0.04223524,0.04194166,0.042692192,0.040060848,0.04015642,0.0,0.0,0.0,0.0,0.0,0.0,0.02126034,0.019259611,0.0
0.06613466,0.0,0.018238565,0.0,0.047216214,0.023618765,0.0,0.06625666,0.0,0.0,0.007687891,0.047387782,0.023691753,0.0,0.0,0.0,0.005646491,0.0050988486,0.0,0.07174081,0.014364612,0.0,0.0,0.0,0.0,0.0360152,0.026080227,0.0,0.0,0.026490826,0.033977218,0.0,0.0,0.012158456,0.014641915,0.0,0.0,0.038384926,0.03902762,0.03995293,0.040710114,0.041329063,0.041394554,0.0,0.0,0.0,0.0,0.0,0.0,0.02103866,0.0193073,0.0
0.06643815,0.0,0.014673868,0.0,0.048655767,0.024394557,0.0,0.06660697,0.0,0.0,0.004687745,0.048837893,0.02446676,0.0,0.0,0.0,0.005039824,0.004507281,0.0,0.069507636,0.01394714,0.0,0.0,0.0,0.0,0.033571176,0.02397654,0.0,0.0,0.026447566,0.033740904,0.0,0.0,0.012058522,0.014175781,0.0,0.0,0.036848787,0.037513528,0.039191782,0.039986894,0.042937003,0.042983577,0.0,0.0,0.0,0.0,0.0,0.0,0.021619258,0.020192917,0.0
0.069102876,0.0,0.011788489,0.0,0.04905679,0.025173532,0.0,0.0692999,0.0,0.0,0.0022110231,0.049263597,0.025242917,0.0,0.0,0.0,0.0045371363,0.004388387,0.0,0.06740661,0.013560403,0.0,0.0,0.0,0.0,0.031342365,0.022175087,0.0,0.0,0.026513096,0.03366264,0.0,0.0,0.012035269,0.013848251,0.0,0.0,0.03598523,0.036664188,0.038805157,0.03960082,0.045261625,0.04529263,0.0,0.0,0.0,0.0,0.0,0.0,0.022762941,0.02154449,0.0
0.071645185,0.0,0.010974264,0.0,0.04817987,0.025616998,0.0,0.0718473,0.0,0.0,0.0015078504,0.048418112,0.025678584,0.0,0.0,0.0,0.004154253,0.0043112314,0.0,0.065911666,0.013486281,0.0,0.0,0.0,0.0,0.029811954,0.021028144,0.0,0.0,0.026341379,0.033362374,0.0,0.0,0.012019435,0.01362305,0.0,0.0,0.035256553,0.035908848,0.038199507,0.038883206,0.047791578,0.04781541,0.0,0.0,0.0,0.0,0.0,0.0,0.023601113,0.022396028,0.0
0.070612736,0.0,0.011132773,0.0,0.04719579,0.02552319,0.0,0.070797086,0.0,0.0,0.0014682375,0.04747164,0.02557376,0.0,0.0,0.0,0.0038945235,0.004031804,0.0,0.06535362,0.013835434,0.0,0.0,0.0,0.0,0.02948017,0.021076707,0.0,0.0,0.025560547,0.032493208,0.0,0.0,0.011957731,0.01352658,0.0,0.0,0.03420843,0.034806266,0.03704475,0.03750779,0.049341284,0.04935718,0.0,0.0,0.0,0.0,0.0,0.0,0.023256585,0.021853954,0.0
0.06797399,0.0,0.012418622,0.0,0.045583222,0.024928248,0.0,0.06813103,0.0,0.0,0.0023651496,0.045845404,0.024971211,0.0,0.0,0.0,0.003655516,0.0031899526,0.0,0.06537762,0.014767487,0.0,0.0,0.0,0.0,0.029687826,0.021617653,0.0,0.0,0.024215126,0.031049266,0.0,0.0,0.012406629,0.013815589,0.0,0.0,0.03271795,0.033335537,0.03575018,0.03599152,0.049708307,0.04971963,0.0,0.0,0.0,0.0,0.0,0.0,0.022235814,0.020598173,0.0
0.06651798,0.0,0.014538651,0.0,0.044247486,0.02427643,0.0,0.06665507,0.0,0.0,0.0040498357,0.044457555,0.024316149,0.0,0.0,0.0,0.0034952108,0.002479894,0.0,0.06582284,0.016053319,0.0,0.0,0.0,0.0,0.029625792,0.021865837,0.0,0.0,0.022895914,0.02965842,0.0,0.0,0.012999526,0.014155471,0.0,0.0,0.03160744,0.032302648,0.0346601,0.03477156,0.049326535,0.04932487,0.0,0.0,0.0,0.0,0.0,0.0,0.021017622,0.01929073,0.0
0.068554945,1.7758459e-05,0.017526502,0.0,0.043143358,0.02404955,0.0,0.068670094,0.0,0.0,0.006589735,0.04329626,0.024089258,0.0,0.0,0.0,0.0034094297,0.0018507,0.0,0.0658716,0.017536607,0.0,0.0,0.0,0.0,0.02981504,0.022309804,0.0,0.0,0.02172185,0.028444909,0.0,0.0,0.013935798,0.014635286,0.0,0.0,0.03014649,0.03092397,0.033356152,0.033410978,0.04952338,0.04949911,0.0,0.0,0.0,0.0,0.0,0.0,0.020083416,0.018450346,0.0
0.06446895,0.0,0.019444732,0.0,0.04425235,0.024040734,0.0,0.06459475,0.0,0.0,0.008427582,0.04435753,0.02408342,0.0,0.0,0.0,0.0034421836,0.0021186038,0.0,0.06630051,0.018908009,0.0,0.0,0.0,0.0,0.029840458,0.022526436,0.0,0.0,0.021199763,0.027963102,0.0,0.0,0.014465277,0.0149705885,0.0,0.0,0.029688323,0.030437447,0.032490965,0.03250631,0.04992819,0.04988145,0.0,0.0,0.0,0.0,0.0,0.0,0.019384801,0.017935611,0.0
0.0568533,0.0,0.019929344,0.0,0.04633591,0.023990007,0.0,0.05699455,0.0,0.0,0.00896034,0.04642731,0.024042062,0.0,0.0,0.0,0.0035480864,0.0034068436,0.0,0.06772944,0.020375947,0.0,0.0,0.0,0.0,0.030362258,0.023065437,0.0,0.0,0.021222651,0.028106187,0.0,0.0,0.014775449,0.015262147,0.0,0.0,0.030585825,0.031276956,0.03253457,0.032625087,0.049157646,0.049085423,0.0,0.0,0.0,0.0,0.0,0.0,0.018868668,0.017640222,0.0
0.052212298,0.0,0.01989054,0.0,0.047783397,0.023729138,0.0,0.052353054,0.0,0.0,0.008907895,0.047877394,0.023795199,0.0,0.0,0.0,0.0037084278,0.0057529015,0.0,0.07109069,0.02223955,0.0,0.0,0.0,0.0,0.031275075,0.023746602,0.0,0.0,0.021930706,0.028980846,0.0,0.0,0.014808692,0.0153217,0.0,0.0,0.03309845,0.033771347,0.03381369,0.034139633,0.047183286,0.047084704,0.0,0.0,0.0,0.0,0.0,0.0,0.01896825,0.017999459,0.0
0.056107763,0.0,0.02035918,0.0,0.0483466,0.023557974,0.0,0.05621763,0.0,0.0,0.009184118,0.048447922,0.02363597,0.0,0.0,0.0,0.0040260837,0.009359219,0.0,0.07610292,0.024474047,0.0,0.0,0.0,0.0,0.032235615,0.024264844,0.0,0.0,0.023412365,0.030677767,0.0,0.0,0.014288188,0.014894531,0.0,0.0,0.036743335,0.03744576,0.03563584,0.0362886,0.045100797,0.04497599,0.0,0.0,0.0,0.0,0.0,0.0,0.019523866,0.018837614,0.0
0.064012244,0.0,0.021990865,0.0,0.04838749,0.023691602,0.0,0.06407357,0.0,0.0,0.01062642,0.04847631,0.023775076,0.0,0.0,0.0,0.0045393803,0.013351108,0.0,0.08181538,0.0270174,0.0,0.0,0.0,0.0,0.03325253,0.024696052,0.0,0.0,0.025362477,0.032859918,0.0,0.0,0.013722656,0.014335064,0.0,0.0,0.040144645,0.040823933,0.037124895,0.03801326,0.04479864,0.044668186,0.0,0.0,0.0,0.0,0.0,0.0,0.020599991,0.02015132,0.0
0.06514133,0.0,0.023464996,0.0,0.049250238,0.023789173,0.0,0.06516801,0.0,0.0,0.012057058,0.04931923,0.023875153,0.0,0.0,0.0,0.0051877587,0.016791847,0.0012272168,0.0869491,0.02896009,0.0,0.0,0.0,0.0,0.034348663,0.025168927,0.0,0.0,0.027254866,0.035015896,0.0,0.0,0.0131911915,0.013923922,0.0,0.0,0.04297854,0.043543603,0.03817404,0.039144494,0.04519975,0.045087863,0.0,0.0,0.0,0.0,0.0,0.0,0.021501802,0.02108983,0.0
0.06477144,0.0,0.024210446,0.0,0.049784377,0.023502694,0.0,0.06476142,0.0,0.0,0.012625109,0.04985361,0.02359191,0.0,0.0,0.0,0.005699673,0.018539041,0.0024613598,0.090818636,0.030716611,0.0,0.0,0.0,0.0,0.035653405,0.025859999,0.0,0.0,0.02824299,0.036205847,0.0,0.0,0.01307554,0.013775304,0.0,0.0,0.044277735,0.04479264,0.038724817,0.039746232,0.04450033,0.04441122,0.0,0.0,0.0,0.0,0.0,0.0,0.021730186,0.021216761,0.0
0.06608732,0.0,0.024699798,0.0,0.049324058,0.022789346,0.0,0.066045925,0.0,0.0,0.01286917,0.0493995,0.022880185,0.0,0.0,0.0,0.005871358,0.018477548,0.0030413251,0.09289933,0.03235511,0.0,0.0,0.0,0.0,0.036551468,0.02631073,0.0,0.0,0.028198283,0.036181368,0.0,0.0,0.013306687,0.013796954,0.0,0.0,0.04365786,0.04419104,0.038675122,0.039754916,0.042393718,0.04231831,0.0,0.0,0.0,0.0,0.0,0.0,0.02153087,0.020861566,0.0
0.06999055,0.0,0.024761405,0.0,0.048314538,0.022027984,0.0,0.06993348,0.0,0.0,0.012845246,0.04838928,0.022116657,0.0,0.0,0.0,0.0057161297,0.01792727,0.0035741138,0.09326578,0.034074154,0.0,0.0,0.0,0.0,0.036214687,0.025947452,0.0,0.0,0.027972385,0.03578505,0.0,0.0,0.013625544,0.013747864,0.0,0.0,0.042169914,0.042700812,0.038221214,0.039355233,0.040532798,0.040462706,0.0,0.0,0.0,0.0,0.0,0.0,0.02148618,0.020789571,0.0
0.07037547,0.0,0.02341641,0.0,0.04681454,0.021419577,0.0,0.07033367,0.0,0.0,0.011825778,0.046887837,0.021506503,0.0,0.0,0.0,0.0053238,0.017164294,0.004142028,0.09185167,0.035137467,0.0,0.0,0.0,0.0,0.034948073,0.025073104,0.0,0.0,0.027961127,0.035499692,0.0,0.0,0.014316733,0.013887782,0.0,0.0,0.040565368,0.04100045,0.037803307,0.03893277,0.041241545,0.04118169,0.0,0.0,0.0,0.0,0.0,0.0,0.02263344,0.02204867,0.0
0.066015705,0.0,0.020989688,0.0,0.04439965,0.020764796,0.0,0.06601793,0.0,0.0,0.009869296,0.04449107,0.02085653,0.0,0.0,0.0,0.0047803703,0.016011339,0.004107279,0.08884145,0.034424722,0.0,0.0,0.0,0.0,0.033522718,0.024120653,0.0,0.0,0.028020792,0.035275605,0.0,0.0,0.015070329,0.01419351,0.0,0.0,0.039812732,0.040185176,0.038149748,0.039277885,0.043106742,0.043062422,0.0003800802,0.0,0.0,0.0,0.0,0.0,0.024541764,0.024033574,0.0
0.06345375,0.0,0.018793842,0.0,0.04132638,0.020076578,0.0,0.06349459,0.0,0.0,0.007868195,0.041469432,0.020175893,0.0,0.0,0.0,0.004145554,0.01395291,0.0032158098,0.08489621,0.03245531,0.0,0.0,0.0,0.0,0.033121213,0.024007458,0.0,0.0,0.02738572,0.03431626,0.0,0.0,0.015595134,0.014427831,0.0,0.0,0.03871834,0.039158862,0.038442515,0.039588485,0.043931697,0.043893434,0.0005610902,0.0,0.0,0.0,0.0,0.0,0.025610266,0.025004376,0.0
0.06463395,0.0,0.017437026,0.0,0.038480565,0.019454706,0.0,0.06470015,0.0,0.0,0.0064943787,0.03865475,0.01955872,0.0,0.0,0.0,0.0034690034,0.011725359,0.0018831878,0.08102815,0.030214231,0.0,0.0,0.0,0.0,0.033212386,0.024215601,0.0,0.0,0.0263697,0.032896478,0.0,0.0,0.01566584,0.014454332,0.0,0.0,0.037382573,0.03798089,0.03852541,0.039699085,0.04344038,0.04340151,0.0,0.0,0.0,0.0,0.0,0.0,0.02560783,0.024775494,0.0
0.071939826,0.0,0.016126452,0.0,0.036411423,0.019426541,0.0,0.0720061,0.0,0.0,0.0050903186,0.03659578,0.019528827,0.0,0.0,0.0,0.0029502676,0.0101866685,0.0009824783,0.078260206,0.028541282,0.0,0.0,0.0,0.0,0.033303075,0.024443211,0.0,0.0,0.025690217,0.031860262,0.0,0.0,0.015424567,0.014262304,0.0,0.0,0.03658816,0.03733869,0.038556874,0.039747752,0.04437896,0.044327848,0.0,0.0,0.0,0.0,0.0,0.0,0.025440125,0.024492629,0.0
0.07625541,0.0034415517,0.015749095,0.0,0.034778945,0.01988427,0.0,0.07632093,0.00306453,0.0,0.0046974495,0.034936327,0.019979801,0.0,0.0,0.0,0.0026928016,0.009523379,0.0006089886,0.07687786,0.02678719,0.0,0.0,0.0,0.0,0.03302402,0.024315773,0.0,0.0,0.025705853,0.03165867,0.0,0.0,0.015158112,0.014269134,0.0,0.0,0.037176266,0.0379764,0.039181802,0.040316585,0.047770828,0.047709826,0.0,0.0,0.0,0.0,0.0,0.0,0.026225196,0.02519365,0.0
0.07658983,0.0062785298,0.018276194,0.0,0.032414056,0.02046582,0.0,0.076636136,0.0059318207,0.0,0.0070529785,0.032524385,0.020549208,0.0,0.0,0.0,0.0028065667,0.009284839,0.00041604415,0.07778048,0.024982456,0.0,0.0,0.0,0.0,0.033142358,0.024571253,0.0,0.0,0.026134389,0.032061674,0.0,0.0,0.01487345,0.014509215,0.0,0.0,0.03943468,0.040179312,0.04059717,0.041620437,0.05203637,0.051963016,0.0,0.0,0.0,0.0,0.0,0.0,0.027164755,0.025979621,0.0
0.072171584,0.006042774,0.022735326,0.0,0.030304406,0.020802345,0.0,0.07217988,0.005701096,0.0,0.01111359,0.030371688,0.02086769,0.0,0.0,0.0,0.0032173437,0.009509,0.00026065577,0.08121854,0.023428466,0.0,0.0,0.0,0.0,0.03387933,0.025429303,0.0,0.0,0.026800161,0.032877654,0.0,0.0,0.014215989,0.014690576,0.0,0.0,0.042657886,0.043280452,0.04217264,0.043093733,0.05433264,0.054229803,0.0,0.0,0.0,0.0,0.0,0.0,0.027074324,0.02566835,0.0
0.07065974,0.0055500465,0.026883326,0.0,0.028308496,0.021006253,0.0,0.07060516,0.00520161,0.0,0.0146723,0.028328026,0.0210496,0.0,0.0,0.0,0.003930705,0.011298882,0.00036990084,0.08808273,0.02266302,0.0,0.0,0.0,0.0,0.03439246,0.026140677,0.0,0.0,0.028516328,0.035006292,0.0,0.0,0.0129842935,0.014507827,0.0,0.0,0.048140794,0.048677854,0.044819333,0.045824867,0.054734647,0.054573864,0.0,0.0,0.0,0.0,0.0,0.0,0.026544167,0.025125742,0.0
0.07397171,0.006753713,0.029696232,0.0,0.026492715,0.021355297,0.0,0.07384183,0.006406392,0.0,0.016971538,0.026460133,0.02137254,0.0,0.0,0.0,0.0050677876,0.015993465,0.0013795085,0.09893812,0.022614911,0.0,0.0,0.0,0.0,0.03396586,0.026093518,0.0,0.0,0.032286383,0.039540324,0.0,0.0,0.011038847,0.013757672,0.0,0.0,0.056988932,0.057436377,0.04923136,0.05050649,0.055052754,0.05481444,0.0,0.0,0.0,0.0,0.0,0.0,0.027113613,0.026015487,0.0
0.07133743,0.0054998677,0.03190358,0.0,0.026322283,0.02188355,0.0,0.07115988,0.0051476816,0.0,0.019111002,0.026223972,0.021874499,0.0,0.0,0.0,0.00682152,0.023599371,0.0030938014,0.11303126,0.022314586,0.0,0.0,0.0,0.0,0.03295138,0.0255994,0.0,0.0,0.038200323,0.046633687,0.0,0.0,0.008528974,0.012882036,0.0,0.0,0.06974964,0.07000622,0.055784672,0.057385825,0.055636816,0.055336945,0.0,0.0,0.0,0.0,0.0,0.0,0.028581826,0.02791985,0.0
0.06545209,0.0020232862,0.034515373,0.0,0.025737386,0.022263825,0.0,0.0652269,0.0016678255,0.0,0.02184374,0.025579885,0.02223676,0.0,0.0013264082,0.0,0.009013111,0.03182524,0.0043266555,0.12741506,0.02123096,0.0,0.0,0.0,0.0,0.03314642,0.026039079,0.0,0.0,0.04467382,0.054581545,0.0,0.0,0.006317406,0.012478972,0.0,0.0,0.08401092,0.084138356,0.06356928,0.06555428,0.05534828,0.055013053,0.0,0.0,0.0,0.0,0.00059908675,0.0,0.03019943,0.029948901,0.0
0.06123513,0.0,0.03758387,0.0,0.025318189,0.022432031,0.0,0.060956925,0.0,0.0,0.024986524,0.025113896,0.022397561,0.0,0.0044544647,0.0,0.011289708,0.038918838,0.004286941,0.13901758,0.019149195,0.0,0.0,0.0,0.0,0.03478007,0.027313534,0.0,0.0,0.05034432,0.06175548,0.0,0.0,0.0042953184,0.012431234,0.0,0.0,0.097139046,0.09736186,0.07100429,0.07341638,0.052886758,0.05253536,0.0010982603,0.0,0.0,0.0,0.0020570871,0.0,0.030475829,0.03053424,0.0
0.06823061,0.0,0.040903445,0.0,0.023854293,0.022630187,0.0,0.06788967,0.0,0.0,0.028249227,0.023594178,0.022593357,0.0,0.0071500456,0.0,0.013407692,0.044552073,0.0032251654,0.14722785,0.017060872,0.0,0.0,0.0,0.0,0.037079535,0.028529342,0.0,0.0,0.055143416,0.067818776,0.0,0.0,0.0024639443,0.012421288,0.0,0.0,0.10820811,0.108783856,0.07760088,0.08048019,0.049969286,0.04962264,0.0024040025,0.0,0.0,0.0,0.003107898,0.00025615608,0.030226398,0.030589644,0.0
0.07545837,0.0,0.044255562,0.0,0.023167308,0.023057219,0.0,0.07509246,0.0,0.0,0.03184124,0.022848662,0.023017626,0.0,0.009295743,0.0,0.015355028,0.048934735,0.0019130791,0.15192631,0.015206014,0.0,0.0,0.0,0.0,0.038896106,0.028939929,0.0,0.0,0.059113856,0.07270065,0.0,0.0,0.000885468,0.012486113,0.0,0.0,0.11642261,0.11731867,0.08236496,0.08552383,0.048832517,0.048534963,0.0038168132,0.0,0.0,0.0,0.0041995808,0.0010722335,0.030033235,0.030505931,0.0
0.07561193,0.0,0.046673767,0.0,0.023984265,0.023573574,0.0,0.07524358,0.0,0.0,0.034790944,0.023657374,0.023532601,0.0,0.010698199,0.0,0.016945442,0.05051358,0.00046852976,0.15260343,0.01332676,0.0,0.0,0.0,0.0,0.04071536,0.029503074,0.0,0.0,0.061463885,0.07558264,0.0,0.0,0.0,0.012765218,0.0,0.0,0.12016797,0.12122167,0.08442008,0.087558925,0.04848545,0.04826361,0.0051289387,0.0,0.0,0.0,0.005225869,0.001860443,0.029342629,0.029643409,0.0
0.07533362,0.0,0.049229667,0.0,0.023990847,0.023775386,0.0,0.074943386,0.0,0.0,0.03777612,0.023709033,0.02373705,0.0,0.010901793,0.0,0.017856555,0.04837907,0.0,0.14978729,0.011501275,0.0,0.0,0.0,0.0,0.04242443,0.030109355,0.0,0.0,0.06144207,0.07564128,0.0,0.0,0.0,0.0129913585,0.0,0.0,0.11856508,0.119773746,0.08378574,0.086688615,0.0473114,0.04715572,0.005598802,0.0,0.0,0.0,0.005698189,0.0021325317,0.028189527,0.028116817,0.0
0.07886179,0.0,0.05053179,0.0,0.023983631,0.023777813,0.0,0.078437515,0.0,0.0,0.03928598,0.023821253,0.02374106,0.0,0.009935476,0.0,0.018043676,0.043697976,0.0,0.14505444,0.009834281,0.0,0.0,0.0,0.0,0.04388838,0.030903965,0.0,0.0,0.059757765,0.07362551,0.0,0.0,0.0,0.012504582,0.0,0.0,0.11288406,0.114246115,0.08111749,0.0836662,0.045068,0.04495041,0.005070092,0.0,0.0,0.0,0.00527074,0.00162852,0.026096743,0.025494836,0.0
0.08477707,0.0,0.049585078,0.0,0.023587376,0.023664778,0.0,0.08434815,0.0,0.0,0.038471065,0.023546647,0.023625968,0.0,0.008497227,0.0,0.017695576,0.039238535,0.0,0.14040458,0.008930948,0.0,0.0,0.0,0.0,0.04370869,0.030594248,0.0,0.0,0.057767257,0.07102193,0.0,0.0,0.0,0.011557078,0.0,0.0,0.10619481,0.10763271,0.0781735,0.08040321,0.043589737,0.04349801,0.0038717333,0.0,0.0,0.0,0.0045326278,0.00097404537,0.024855733,0.023695055,0.0
0.08792349,0.0,0.046850614,0.0,0.0234527,0.023679243,0.0,0.08752047,0.0,0.0,0.0359527,0.023495942,0.023634275,0.0,0.007219447,0.0,0.017051302,0.03612923,0.0,0.13590583,0.008791685,0.0,0.0,0.0,0.0,0.042359732,0.029934824,0.0,0.0,0.055817664,0.06834204,0.0,0.0,0.0,0.010804467,0.0,0.0,0.09994178,0.101243794,0.07529189,0.07719667,0.044713832,0.044638768,0.0026434474,0.0,0.0,0.0,0.0040630307,0.0006306325,0.024755636,0.02306077,0.0
0.085396424,0.0,0.043596126,0.0,0.02339536,0.023642682,0.0,0.085037574,0.0,0.0,0.032932844,0.023480128,0.023590298,0.0,0.0062768953,0.0,0.016247114,0.033720754,0.0,0.13128465,0.008959867,0.0,0.0,0.0,0.0,0.040745236,0.029345255,0.0,0.0,0.053695958,0.06549507,0.0,0.0,0.0,0.010588916,0.0,0.0,0.094594866,0.095653206,0.07272369,0.07434408,0.047062024,0.046988845,0.0015838277,0.0,0.0,0.0,0.003796937,0.00045550882,0.02532794,0.02325077,0.0
0.08122971,0.0,0.041611016,0.0,0.022097163,0.023288487,0.0,0.08091431,0.0,0.0,0.030993424,0.022196569,0.02323063,0.0,0.005599994,0.0,0.015391676,0.031653803,0.0,0.1272519,0.009459538,0.0,0.0,0.0,0.0,0.039509848,0.029058779,0.0,0.0,0.051419213,0.06259533,0.0,0.0,0.00061679306,0.010742454,0.0,0.0,0.09053886,0.09140904,0.07082009,0.07227285,0.04925122,0.049166977,0.0007679388,0.0,0.0,0.0,0.0034002643,0.00012673251,0.026008327,0.023748402,0.0
0.07757984,0.0,0.040304277,0.0,0.01987144,0.022738663,0.0,0.07730974,0.0,0.0,0.029647892,0.019954711,0.022677854,0.0,0.005412018,0.0,0.014693139,0.030447584,0.0,0.1251741,0.01006712,0.0,0.0,0.0,0.0,0.038292456,0.028559558,0.0,0.0,0.050036337,0.060782705,0.0,0.0,0.0013242237,0.010946036,0.0,0.0,0.08919355,0.08996792,0.07078263,0.072296694,0.050940275,0.050835267,0.00023230165,0.0,0.0,0.0,0.0029690906,0.0,0.027123809,0.024975916,0.0
0.07653187,0.0,0.040251993,0.0,0.01761273,0.022506116,0.0,0.07630547,0.0,0.0,0.029571999,0.017638132,0.022443116,0.0,0.0057396423,0.0,0.014379486,0.030614765,0.0,0.12521172,0.010725787,0.0,0.0,0.0,0.0,0.03633036,0.027023282,0.0,0.0,0.049956992,0.060556598,0.0,0.0,0.0017454702,0.011216424,0.0,0.0,0.09077141,0.09151159,0.07253784,0.074318975,0.052457865,0.05232754,0.00047518127,0.0,0.0,0.0,0.0031352905,0.00013494014,0.028755974,0.027016338,0.0
0.07701496,0.0,0.04091785,0.0,0.015652873,0.022810899,0.0,0.07681601,0.0,0.0,0.030233547,0.015647843,0.022745788,0.0,0.0064340336,0.0,0.0144566875,0.031688806,0.0,0.12637402,0.010595286,0.0,0.0,0.0,0.0,0.034628946,0.02548478,0.0,0.0,0.050902568,0.061665393,0.0,0.0,0.0018000056,0.011509116,0.0,0.0,0.094369374,0.09509212,0.07526034,0.07737982,0.054643705,0.05448009,0.0012733117,0.0,0.0,0.0,0.0039727786,0.0010329839,0.030656924,0.029465094,0.0
0.07537208,0.0,0.041988313,0.0,0.014508452,0.023338739,0.0,0.07519083,0.0,0.0,0.03131953,0.014514599,0.023270829,0.0,0.007275516,0.0,0.014825683,0.03312338,0.0,0.12835144,0.009728617,0.0,0.0,0.0,0.0,0.033270605,0.023918174,0.0,0.0,0.052366637,0.06349963,0.0,0.0,0.0013571614,0.011733321,0.0,0.0,0.09891918,0.099660054,0.078389876,0.080829576,0.056049034,0.05585687,0.0020811055,0.0,0.0,0.0,0.004973794,0.0020099622,0.032120332,0.03142961,0.0
0.07453907,0.0,0.043797854,0.0,0.012661256,0.023648128,0.0,0.074352875,0.0,0.0,0.03300198,0.012691654,0.023578502,0.0,0.008059581,0.0,0.015323263,0.034462944,0.0,0.13092929,0.0087101385,0.0,0.0,0.0,0.0,0.0328374,0.022981394,0.0,0.0,0.05377738,0.06533528,0.0,0.0,0.00077642035,0.01192545,0.0,0.0,0.10341367,0.10425711,0.08156961,0.08428603,0.05628446,0.056082793,0.0025140643,0.0,0.0,0.0,0.0056491126,0.0025979986,0.033249713,0.032866705,0.0
0.07720594,0.0,0.046212573,0.0,0.010711741,0.023882246,0.0,0.076992325,0.0,0.0,0.03518919,0.010724001,0.023810782,0.0,0.008911456,0.0,0.016007341,0.036472883,0.0,0.13453326,0.008028265,0.0,0.0,0.0,0.0,0.032324847,0.021756388,0.0,8.232088e-05,0.055501383,0.067474574,0.0,0.0,0.0,0.011849586,0.0,0.0,0.1083872,0.10940269,0.085077345,0.088094756,0.05565849,0.055463374,0.0027591437,0.0,0.0,0.0,0.006181905,0.0030443615,0.034281567,0.034123458,0.0
0.082653776,0.0,0.04866919,0.0,0.009877887,0.02424098,0.0,0.08241146,0.0,0.0,0.037426118,0.0098538175,0.024163203,0.0,0.009747844,0.0,0.016879784,0.039145306,0.0,0.13823643,0.0075463494,0.0,0.0,0.0,0.0,0.031804185,0.02046329,0.0,0.0007228344,0.057534702,0.069922306,0.0,0.0,0.0,0.011560883,0.0,0.0,0.11326103,0.11443232,0.088090934,0.0913524,0.054836035,0.05466515,0.0034790244,0.0,0.0,0.0,0.006882085,0.0036418424,0.034832146,0.03477684,0.0
0.08686327,0.0,0.0503007,0.0,0.009889357,0.02467455,0.0,0.08659736,0.0,0.0,0.038853806,0.00986186,0.024586897,0.0,0.010331731,0.0,0.017733943,0.041363146,0.0,0.14058894,0.006678845,0.0,0.0,0.0,0.0,0.032153446,0.020176204,0.0,0.0013149212,0.059094265,0.071866095,0.0,0.0,0.0,0.011321817,0.0,0.0,0.116621025,0.1178958,0.08961083,0.09293185,0.054970913,0.054828145,0.0040390845,0.0,0.0,0.0,0.007572678,0.004206009,0.034755826,0.034618918,0.0
0.085836284,0.0,0.051053617,0.0,0.010981858,0.024799341,0.0,0.08555917,0.0,0.0,0.039542526,0.0109924,0.0246988,0.0,0.010498565,0.0,0.01838721,0.04266972,0.0,0.14168984,0.0059779687,0.0,0.0,0.0,0.0,0.03348973,0.021068852,0.00030199974,0.0016287711,0.05968278,0.07270253,0.0,0.0,0.0,0.011077498,0.0,0.0,0.11773585,0.119029835,0.0893397,0.09248246,0.053998753,0.053888053,0.004441807,0.0,0.0,0.0,0.0077152173,0.004213601,0.033348225,0.03286332,0.0
0.08375259,0.0,0.05141247,0.0,0.011360288,0.024414878,0.0,0.0834526,0.0,0.0,0.039884932,0.011420552,0.024305169,0.0,0.0103954235,0.0,0.01869878,0.043193325,0.0,0.14199328,0.005915803,0.0,0.0,0.0,0.0,0.035390966,0.022831377,0.00040439947,0.0017214917,0.05949127,0.072565146,0.0,0.0,0.0,0.010808299,0.0,0.0,0.117193885,0.118457235,0.088137805,0.09100689,0.05222826,0.05214192,0.0045206584,0.0,0.0,0.0,0.007137629,0.0035824364,0.03161893,0.030746305,0.0
0.081576146,0.0,0.05046263,0.0,0.012171794,0.023604967,0.0,0.08125915,0.0,0.0,0.039081443,0.01229161,0.023489946,0.0,0.010457043,0.0,0.018803496,0.04434426,0.0,0.14262411,0.006843755,0.0,0.0,0.0,0.0,0.036346942,0.023932606,0.00051723,0.0018247408,0.059671514,0.07267898,0.0,0.0,0.0,0.010349834,0.0,0.0,0.11672625,0.11786109,0.08730443,0.089983895,0.049534068,0.04946368,0.0051366575,0.0,0.0,0.0,0.0063625267,0.0029219885,0.030311793,0.029218124,0.0
0.08148921,0.0,0.048648912,0.0,0.0116682425,0.022596776,0.0,0.08116313,0.0,0.0,0.037461713,0.011843469,0.02248296,0.0,0.010646398,0.0,0.018632855,0.045139484,0.0,0.14230904,0.007941718,0.0,0.0,0.0,0.0,0.036391318,0.02434754,0.00075570424,0.0020534154,0.060139235,0.0729875,0.0,0.0,0.0,0.010250458,0.0,0.0,0.116148636,0.117120415,0.08708456,0.08968134,0.049068257,0.049006503,0.00587067,0.0,0.0,0.0,0.005995439,0.0027851379,0.030933022,0.029897608,0.0
0.07950003,0.0,0.046486188,0.0,0.010975767,0.021462364,0.0,0.07917474,0.0,0.0,0.035495024,0.011203509,0.021352831,0.0,0.01067335,0.0,0.01818428,0.044967957,0.0,0.14047751,0.008728127,0.0,0.0,0.0,0.0,0.036302466,0.024743395,0.00094744004,0.0022056801,0.060109973,0.07271464,0.0,0.0,0.0,0.01036601,0.0,0.0,0.11416913,0.114960104,0.08626887,0.088718414,0.04969701,0.04964658,0.0066324957,0.0,0.0,0.0,0.005750826,0.002727535,0.032093383,0.0310241,0.0
0.07549319,0.0,0.043944642,0.0,0.010391589,0.020105788,0.0,0.07515829,0.0,0.0,0.033106722,0.010604762,0.020003803,0.0,0.010446491,0.0,0.017505988,0.044016562,0.0,0.13836591,0.00952217,0.0,0.0,0.0,0.0,0.036063258,0.024882011,0.0009754542,0.002194748,0.05947096,0.071750104,0.0,0.0,0.0,0.01030824,0.0,0.0,0.11120572,0.11188768,0.085004985,0.08727369,0.04976488,0.04973295,0.0066771563,0.0,0.0,0.0,0.0050179586,0.0021633892,0.033267207,0.032035213,0.0
0.07619347,0.0008972958,0.041155774,0.0,0.009960819,0.01890903,0.0,0.07581811,0.00043838657,0.0,0.030362466,0.010099456,0.018817002,0.0,0.009846311,0.0,0.016738677,0.04228814,0.0,0.13585553,0.010472073,0.0,0.0,0.0,0.0,0.035686277,0.024709053,0.0007942617,0.001976165,0.058158427,0.07008548,0.0,0.0,0.0,0.010076609,0.0,0.0,0.106936574,0.10766347,0.083025396,0.08512694,0.04898686,0.04897583,0.0061077643,0.0,0.0,0.0,0.0039502066,0.0012470146,0.033977754,0.032488327,0.0
0.07835513,0.0023013614,0.037881907,0.0,0.010105718,0.018155493,0.0,0.07794784,0.0018184166,0.0,0.027199954,0.010151811,0.018073156,0.0,0.009032027,0.0,0.015988283,0.039883498,0.0,0.13279973,0.011102983,0.0,0.0,0.0,0.0,0.034595665,0.023561308,0.00053521455,0.0016926818,0.056546926,0.06810725,0.0,0.0,0.0,0.009867123,0.0,0.0,0.1021004,0.10294144,0.08081125,0.082772,0.048121125,0.048133872,0.0050221253,0.0,0.0,0.0,0.0030445054,0.00048181834,0.034863293,0.033084005,0.0
0.08467216,0.005571015,0.035389356,0.0,0.0087021105,0.01786963,0.0,0.084238395,0.0050800983,0.0,0.02460166,0.008702371,0.01779266,0.0,0.0078089945,0.0,0.015136275,0.036157906,0.0,0.12818675,0.011153487,0.0,0.0,0.0,0.0,0.033914626,0.02267925,0.00016726891,0.0012829182,0.05410473,0.06522061,0.0,0.0,0.0,0.009859288,0.0,0.0,0.09600985,0.09700833,0.07786811,0.07967019,0.048397146,0.048416056,0.0038026478,0.0,0.0,0.0,0.002493499,0.0,0.036205117,0.03408417,0.0
0.08167999,0.0043698084,0.033127185,0.0,0.008721504,0.017653435,0.0,0.08127831,0.0038294345,0.0,0.022230316,0.008724883,0.017574182,0.0,0.006526389,0.0,0.014270417,0.032572158,0.0,0.12342304,0.010953708,0.0,0.0,0.0,0.0,0.033747453,0.022351827,0.0,0.0007032415,0.05133228,0.06194698,0.0,0.0,0.00011459971,0.009844046,0.0,0.0,0.08994996,0.090976566,0.07437534,0.07592958,0.047586054,0.047605373,0.0026365519,0.0,0.0,0.0,0.0017382989,0.0,0.036525246,0.033858918,0.0
0.07728789,0.0022079255,0.0312773,0.0,0.008346926,0.017427929,0.0,0.07693172,0.0016110018,0.0,0.02006081,0.008342482,0.017346175,0.0,0.0055990387,0.0,0.013484804,0.030105278,0.0,0.12029783,0.0112398965,0.0,0.0,0.0,0.0,0.033944014,0.02253361,0.0,6.6784036e-05,0.04901889,0.05921998,0.0,0.0,0.0005916939,0.009844094,0.0,0.0,0.08588931,0.08694953,0.071947604,0.073443174,0.04566119,0.045651414,0.0015311632,0.0,0.0,0.0,0.00090933405,0.0,0.03652811,0.033610307,0.0
0.072079696,0.0,0.029625095,0.0,0.009368125,0.017389115,0.0,0.07179362,0.0,0.0,0.018176053,0.009330023,0.017306034,0.0,0.005420943,0.0,0.013050138,0.02975167,0.0,0.11979468,0.011770939,0.0,0.0,0.0,0.0,0.034083933,0.022864662,0.0,0.0,0.048193928,0.058254883,0.0,0.0,0.0006355152,0.009873162,0.0,0.0,0.08507611,0.086137734,0.071254745,0.07288594,0.042936068,0.042882636,0.0011364222,0.0,0.0,0.0,0.0005349738,0.0,0.036267918,0.03347212,0.0
0.06844423,0.0,0.029156486,0.0,0.011322711,0.017725378,0.0,0.06823242,0.0,0.0,0.01766641,0.011202026,0.01764349,0.0,0.0059156576,0.0,0.013013847,0.031014826,0.0,0.12156493,0.01195569,0.0,0.0,0.0,0.0,0.034136757,0.023158383,0.0,0.0,0.04893148,0.059162095,0.0,0.0,0.0006639394,0.010048088,0.0,0.0,0.08732642,0.088374116,0.07220031,0.074114345,0.041140556,0.041038133,0.001504641,0.0,0.0,0.0,0.0010841466,0.0,0.036479395,0.034230717,0.0
0.06842946,0.0,0.030358855,0.0,0.013944538,0.018363886,0.0,0.068265736,0.0,0.0,0.018935842,0.013723552,0.018283395,0.0,0.0067033144,0.0,0.013310807,0.033473503,0.0,0.1245377,0.011690939,0.0,0.0,0.0,0.0,0.034705833,0.023824943,0.0,0.0,0.0506233,0.061272606,0.0,0.0,0.00064813276,0.010228214,0.0,0.0,0.09100118,0.09205884,0.07349303,0.075672075,0.040650055,0.0405131,0.002613008,0.0,0.0,0.0,0.002258509,0.00017144904,0.036494426,0.03488397,0.0
0.065980054,0.0,0.031993296,0.0,0.018135503,0.0191537,0.0,0.06584923,0.0,0.0,0.020807007,0.017778182,0.019076874,0.0,0.0075606965,0.0,0.013835877,0.03616593,0.0,0.12780367,0.010960113,0.0,0.0,0.0,0.0,0.03542589,0.024321826,0.0,0.00027036085,0.05261153,0.06379947,0.0,0.0,0.0006506124,0.0104510635,0.0,0.0,0.09488446,0.09599389,0.07468657,0.077061795,0.0404256,0.040283177,0.0033325832,0.0,0.0,0.0,0.003319642,0.0011314005,0.035934314,0.03486435,0.0
0.07109315,0.0,0.034339797,0.0,0.021357179,0.02006901,0.0,0.070948154,0.0,0.0,0.023210006,0.02085487,0.0199995,0.0,0.0083167935,0.0,0.01448923,0.03862088,0.0,0.13061965,0.010313975,0.0,0.0,0.0,0.0,0.035975214,0.024193436,0.0,0.00041825604,0.054367173,0.06610337,0.0,0.0,0.00082771224,0.010695581,0.0,0.0,0.098355174,0.09967162,0.075949445,0.078550085,0.040448602,0.040319175,0.003801208,0.0,0.0,0.0,0.0043597654,0.002024102,0.03528823,0.034665965,0.0
0.079791136,0.0,0.037047032,0.0,0.02386279,0.021222763,0.0,0.079615295,0.0,0.0,0.025940081,0.02325592,0.021159843,0.0,0.00872043,0.0,0.01516811,0.039813112,0.0,0.13193059,0.009313566,0.0,0.0,0.0,0.0,0.036454562,0.023733862,0.0,0.00043788366,0.055474944,0.06763816,0.0,0.0,0.0011517017,0.0109933335,0.0,0.0,0.10036036,0.1018911,0.076716915,0.07942331,0.04216914,0.042070348,0.0038826894,0.0,0.0,0.0,0.005429206,0.002885247,0.034764085,0.034334548,0.0
0.088324495,0.0,0.03965733,0.0,0.025392968,0.022309944,0.0,0.08811165,0.0,0.0,0.02846928,0.024776753,0.022247028,0.0,0.008796975,0.0,0.015803784,0.040227965,0.0,0.13237819,0.008325678,0.0,0.0,0.0,0.0,0.036505166,0.02284588,0.0,0.0002767829,0.05588934,0.06833194,0.0,0.0,0.0010234478,0.011026285,0.0,0.0,0.10146056,0.10311435,0.07701323,0.07966717,0.04487588,0.04480186,0.003887603,0.0,0.0,0.0,0.006387241,0.0035778382,0.034103878,0.033559542,0.0
0.088970184,0.0,0.041107517,0.0,0.02553587,0.022798413,0.0,0.088729054,0.0,0.0,0.029810606,0.024999673,0.02272763,0.0,0.008826073,0.0,0.016309194,0.040483274,0.0,0.13337734,0.00737583,0.0,0.0,0.0,0.0,0.03678152,0.022453617,0.0,3.465789e-05,0.056023557,0.06862268,0.0,0.0,0.00023779948,0.010862752,0.0,0.0,0.10293292,0.10453144,0.07769899,0.080195904,0.047161084,0.04709398,0.0036254842,0.0,0.0,0.0,0.0067164497,0.0036561484,0.03351365,0.03254811,0.0
0.08430244,0.0,0.041228693,0.0,0.024297362,0.022610668,0.0,0.084030055,0.0,0.0,0.029757902,0.023871675,0.022528592,0.0,0.009216623,0.0,0.016731812,0.041776426,0.0,0.13656871,0.0073680645,0.0,0.0,0.0,0.0,0.03719229,0.02267075,0.0,0.0,0.056643575,0.069400944,0.0,0.0,0.0,0.010645818,0.0,0.0,0.10610633,0.10753456,0.07967045,0.08210547,0.047859646,0.04777181,0.0034500323,0.0,0.0,0.0,0.0063731708,0.0031917188,0.0331809,0.03186086,0.0
0.08168198,0.0,0.04155673,0.0,0.02105144,0.022048982,0.0,0.08136488,0.0,0.0,0.029800046,0.020709861,0.02195746,0.0,0.010087478,0.0,0.01716935,0.044085585,0.0,0.14115696,0.008053893,0.0,0.0,0.0,0.0,0.03788833,0.023651324,0.0,0.00017460342,0.057968147,0.071027346,0.0,0.0,0.0,0.010812384,0.0,0.0,0.110721946,0.11198629,0.082726285,0.08523615,0.04816833,0.048047572,0.0038986262,0.0,0.0,0.0,0.0059763296,0.002741165,0.03352431,0.03209665,0.0
0.08002513,0.0,0.04163247,0.0,0.01782269,0.021362567,0.0,0.07965786,0.0,0.0,0.02964166,0.01754957,0.021263834,0.0,0.011326022,0.0,0.017654788,0.047369197,0.0,0.14605342,0.0090770265,0.0,0.0,0.0,0.0,0.038956475,0.025334788,0.0,0.0008255844,0.059934877,0.07344919,0.0,0.0,0.0,0.0110939685,0.0,0.0,0.11576531,0.11687297,0.085845694,0.08845657,0.047794916,0.04763964,0.0051329285,0.0,0.0,0.0,0.0056190053,0.0023674886,0.034062862,0.03272806,0.0
0.07876743,0.0,0.04229608,0.0,0.015477434,0.020449191,0.0,0.07835392,0.0,0.0,0.030125996,0.015248593,0.020346388,0.0,0.01286032,0.0,0.018205946,0.05183325,0.0,0.15072848,0.0106989145,0.0,0.0,0.0,0.0,0.040000662,0.026943844,0.0006120291,0.001731653,0.062247165,0.07628533,0.0,0.0,0.0,0.01136091,0.0,0.0,0.1209231,0.1219203,0.08856925,0.09124704,0.046575785,0.046408296,0.0069006905,0.0,0.0,0.0,0.0053145923,0.0020477227,0.034379087,0.03317479,0.0
0.07721329,0.0,0.043834507,0.0,0.013399191,0.01922682,0.0,0.07674848,0.0,0.0,0.03155093,0.013173722,0.019125525,0.0,0.01454281,0.0,0.018794443,0.056685954,0.0,0.1547592,0.0123875,0.0,0.0,0.0,0.0,0.041483995,0.02848822,0.001644837,0.0028084682,0.06457672,0.07908049,0.0,0.0,0.0,0.011714178,0.0,0.0,0.1257546,0.12669693,0.091113165,0.093851656,0.044837784,0.044689335,0.008743193,0.0,0.0,0.0,0.0050814855,0.0017990805,0.034977496,0.033839166,0.0
0.07950126,0.0016912855,0.04636144,0.0,0.0116856955,0.018027209,0.0,0.07895427,0.0012481306,0.0,0.033966366,0.011420958,0.017932657,0.0,0.015881402,0.0,0.019322814,0.060603097,0.0,0.1575529,0.014129253,0.0,0.0,0.0,0.0,0.043366253,0.02995945,0.0025342174,0.003726382,0.066322945,0.08116095,0.0,0.0,0.0,0.011999758,0.0,0.0,0.12875532,0.12973578,0.09261483,0.09535475,0.04350568,0.043396253,0.010314703,0.0,0.0,0.0,0.0047990144,0.0014902428,0.03524347,0.03409427,0.0
0.08321539,0.0048427507,0.04895366,0.0,0.009678025,0.016902382,0.0,0.08255955,0.0044633616,0.0,0.03661342,0.009327766,0.016819175,0.0,0.016643284,0.0,0.019744655,0.06263053,0.0,0.15921716,0.015201648,0.0,0.0,0.0,0.0,0.044990174,0.030664917,0.003197298,0.0044162935,0.0673147,0.082347065,0.0,0.0,0.0,0.012191105,0.0,0.0,0.129688,0.13078928,0.09334453,0.09600318,0.042852663,0.04279647,0.011166278,0.0,0.0,0.0,0.004529069,0.0011573806,0.035950445,0.03464116,0.0
0.09403016,0.011373332,0.051483035,0.0,0.0058361553,0.016017029,0.0,0.09322114,0.011084113,0.0,0.039114524,0.0054000467,0.015943265,0.0,0.01673128,0.0,0.019981334,0.0627687,0.0,0.16019827,0.016058594,0.0,0.0,0.0,0.0,0.046303637,0.030895822,0.0036463926,0.004867857,0.06760831,0.08264341,0.0,0.0,0.0,0.011905441,0.0,0.0,0.12867859,0.1299551,0.09339995,0.09590828,0.04336722,0.043343753,0.011672344,0.0,0.0,0.0,0.004344272,0.00088654784,0.037357684,0.035816725,0.0
0.100611605,0.01698273,0.05346854,0.0,0.0008963309,0.015249126,0.0,0.09967888,0.016762968,0.0,0.041169994,0.00041289255,0.015178014,0.0,0.016265787,0.0,0.020089502,0.06104312,0.0,0.16007438,0.016120093,0.0,0.0,0.0,0.0,0.046920773,0.030563857,0.003938635,0.005129312,0.06715902,0.08200992,0.0,0.0,0.0,0.011500642,0.0,0.0,0.12622744,0.12757042,0.09272139,0.094941676,0.045482516,0.045475814,0.011771869,0.0,0.0,0.0,0.004330311,0.00070579303,0.03920021,0.037197333,0.0
0.09709906,0.018419832,0.05397778,0.0,0.0,0.014413295,0.0,0.09610729,0.018207889,0.0,0.041820064,0.0,0.014340649,0.0,0.015382638,0.0,0.019991634,0.05714128,0.0,0.15838999,0.0151531305,0.0,0.0,0.0,0.0,0.047707304,0.030762892,0.00398746,0.0051329327,0.06575968,0.0802844,0.0,0.0,0.0,0.011406189,0.0,0.0,0.122382864,0.12366438,0.091419905,0.093307815,0.04794914,0.047928937,0.011494713,0.0,0.0,0.0,0.004132599,0.00032238383,0.040879734,0.038297668,0.0
0.09285064,0.019136969,0.053914294,0.0,0.0,0.013645936,0.0,0.09184177,0.018899221,0.0,0.041670874,0.0,0.01357227,0.0,0.014169848,0.0,0.019633487,0.051186085,0.0,0.15544924,0.013715149,0.0,0.0,0.0,0.0,0.048920624,0.03186622,0.0037469426,0.00486378,0.063635886,0.077791,0.0,0.0,0.0,0.011788301,0.0,0.0,0.11741069,0.1186922,0.0898947,0.091590986,0.050396074,0.050324365,0.011032619,0.0,0.0,0.0,0.003677577,0.0,0.04242882,0.03947097,0.0
0.09692683,0.022914523,0.054437075,0.0,0.0,0.013275767,0.0,0.09592008,0.022663968,0.0,0.041787136,0.0,0.013202241,0.0,0.012817102,0.0,0.019166883,0.04470901,0.0,0.15172197,0.012249053,0.0,0.0,0.0,0.0,0.050025787,0.033202797,0.003422533,0.004527106,0.061464258,0.07526997,0.0,0.0,0.0,0.012336439,0.0,0.0,0.11218697,0.11360681,0.088403925,0.09006679,0.05391233,0.053769268,0.010869775,0.0,0.0,0.0,0.0034783727,0.0,0.04439784,0.04139785,0.0
0.10154146,0.025948787,0.055515923,0.0,0.0,0.013385474,0.0,0.10059223,0.025670057,0.0,0.042507615,0.0,0.013307818,0.0,0.011250639,0.0,0.018645266,0.03859396,0.0,0.14718036,0.010875574,0.0,0.0,0.0,0.0,0.05069414,0.0344622,0.0030146365,0.0040897815,0.059121218,0.07255101,0.0,0.0,0.0,0.012657806,0.0,0.0,0.106418036,0.107931174,0.08589454,0.08747509,0.058172695,0.057959817,0.010984243,0.0,0.0,0.0,0.0035586574,0.0,0.045510083,0.042536017,0.0
0.09346044,0.020977749,0.054892853,0.0,0.0,0.013749002,0.0,0.09263946,0.020596355,0.0,0.041884985,0.0,0.013667476,0.0,0.009710117,0.0,0.018124318,0.033360515,0.0,0.14226276,0.009453398,0.0,0.0,0.0,0.0,0.05105601,0.035636898,0.0023663486,0.0034176393,0.056602262,0.069742955,0.0,0.0,0.0007373993,0.012905385,0.0,0.0,0.10037197,0.10185104,0.082217306,0.08360537,0.060702488,0.06044072,0.01045178,0.0,0.0,0.0,0.0033030575,0.0,0.04451994,0.041467633,0.0
0.08777035,0.014596086,0.055032548,0.0,0.0,0.014356853,0.0,0.08705555,0.014119601,0.0,0.041667722,0.0,0.014275191,0.0,0.008417228,0.0,0.017581804,0.02886204,0.0,0.1379414,0.008717365,0.0,0.0,0.0,0.0,0.05171924,0.037095625,0.0013933172,0.0024469735,0.05436051,0.06730835,0.0,0.0,0.0018330291,0.013141719,0.0,0.0,0.09480726,0.0963546,0.07880843,0.08012561,0.059835494,0.05953057,0.009336458,0.0,0.0,0.0,0.0027010536,0.0,0.04235585,0.039439164,0.0
0.093109906,0.012181591,0.055963725,0.0,0.0,0.01516496,0.0,0.09249127,0.011665388,0.0,0.04204084,0.0,0.015088855,0.0,0.0073030265,0.0,0.017030325,0.02608012,0.0,0.13439798,0.009141975,0.0,0.0,0.0,0.0,0.05077045,0.036736008,0.00034838682,0.0014250746,0.052568905,0.06533177,0.0,0.0,0.0027313665,0.013047975,0.0,0.0,0.09074336,0.09254763,0.07656835,0.0780098,0.057486787,0.05715289,0.007868575,0.0,0.0,0.0,0.0023097685,0.0,0.04103699,0.038520277,0.0
0.10213072,0.01225824,0.057191234,0.0,0.0,0.01633761,0.0,0.101656936,0.011741693,0.0,0.043158337,0.0,0.01626731,0.0,0.0062840376,0.0,0.016459733,0.025148299,0.0,0.13048346,0.009928281,0.0,0.0,0.0,0.0,0.04810329,0.03432549,0.0,0.00070838584,0.0508361,0.06326982,0.0,0.0,0.0030563376,0.012597638,0.0,0.0,0.08809242,0.09011795,0.074963495,0.07657489,0.056610025,0.056277685,0.006568188,0.0,0.0,0.0,0.0026388546,0.0,0.04109756,0.038884565,0.0
0.1026778,0.0101694865,0.05751288,0.0,0.0,0.01789427,0.0,0.10237916,0.009641301,0.0,0.043955505,0.0,0.017824285,0.0,0.00588876,0.0,0.016029026,0.026341623,0.0,0.12715821,0.010416492,0.0,0.0,0.0,0.0,0.044715375,0.030953903,0.0,0.00048984867,0.049933214,0.062007144,0.0,0.0,0.0025150077,0.0118802,0.0,0.0,0.08812983,0.09010469,0.07416205,0.07587423,0.05824367,0.057934817,0.005802702,0.0,0.0,0.0,0.003449196,0.0,0.041728225,0.03959725,0.0
0.0961789,0.0065299626,0.058189467,0.0,0.0,0.019486826,0.0,0.09601022,0.005988287,0.0,0.045087796,0.0,0.019411739,0.0,0.006153091,0.0,0.015894532,0.02823956,0.0,0.12579238,0.010319845,0.0,0.0,0.0,0.0,0.04278313,0.02882831,0.0,0.0005636433,0.050086707,0.06197141,0.0,0.0,0.0016782568,0.011381658,0.0,0.0,0.090626955,0.09236245,0.07456214,0.0763319,0.060894586,0.06060881,0.00564643,0.0,0.0,0.0,0.0042942395,0.0001900798,0.042011134,0.039855085,0.0
0.093888775,0.005999122,0.061630808,0.0,0.0,0.020913098,0.0,0.09375277,0.0054943375,0.0,0.048463684,0.0,0.020831442,0.0,0.0067870626,0.0,0.01614032,0.030267414,0.0,0.127573,0.010272178,0.0,0.0,0.0,0.0,0.04201061,0.027549226,0.0,0.0008417136,0.051242046,0.063206434,0.0,0.0,0.0009820361,0.011249822,0.0,0.0,0.09515953,0.09670848,0.07669655,0.07863353,0.063915156,0.06363965,0.005892962,0.0,0.0,0.0,0.0051160995,0.0008608956,0.042556684,0.040572494,0.0
0.09611987,0.008566843,0.06695547,0.0,0.0,0.022040796,0.0,0.095958695,0.008135382,0.0,0.053528465,0.0,0.021951308,0.0,0.0071723843,0.0,0.016577233,0.03127086,0.0,0.13027626,0.010081386,0.0,0.0,0.0,0.0,0.042033136,0.026942307,0.00026031735,0.0013931688,0.052596726,0.06478624,0.0,0.0,0.00071942364,0.011426304,0.0,0.0,0.09900094,0.100422546,0.07875976,0.080795944,0.067631744,0.067377746,0.006585584,0.0,0.0,0.0,0.0057218447,0.0011828158,0.04332409,0.041536078,0.0
0.09801112,0.010762245,0.07248893,0.0,0.0,0.02292487,0.0,0.09780711,0.010401018,0.0,0.058824886,0.0,0.022827035,0.0,0.007111272,0.0,0.017004032,0.030835388,0.0,0.13162786,0.009491403,0.0,0.0,0.0,0.0,0.042477466,0.026809989,0.0008688946,0.0020224727,0.053388163,0.065790676,0.0,0.0,0.00083033345,0.0117560215,0.0,0.0,0.10028293,0.10157676,0.07913047,0.08107045,0.07133152,0.07111436,0.0074573765,0.0,0.0,0.0,0.006055082,0.0011188927,0.04353115,0.04175047,0.0
0.09441255,0.009331286,0.07572213,0.0,0.0,0.02345053,0.0,0.09418112,0.0089854635,0.0,0.06203008,0.0,0.023347642,0.0,0.0069587585,0.0,0.017247953,0.029803036,0.0,0.13141127,0.008600021,0.0,0.0,0.0,0.0,0.0424124,0.026394876,0.0014411057,0.0026360212,0.054027833,0.06653911,0.0,0.0,0.0008409838,0.011905077,0.0,0.0,0.0998401,0.10098019,0.07816251,0.079869255,0.07338693,0.07321426,0.008140441,0.0,0.0,0.0,0.0060097193,0.00075769785,0.043057233,0.04112947,0.0
0.08899609,0.005875215,0.07861504,0.0,0.0,0.023596937,0.0,0.08874631,0.0055101756,0.0,0.06485618,0.0,0.023494167,0.0,0.0067952834,0.0,0.017215842,0.02801343,0.0,0.12961945,0.007615215,0.0,0.0,0.0,0.0,0.042304363,0.02615005,0.0018454534,0.0030921067,0.054335933,0.066750474,0.0,0.0,0.0012525732,0.012197617,0.0,0.0,0.09762194,0.098611444,0.076502055,0.0779731,0.07306654,0.0729352,0.008549397,0.0,0.0,0.0,0.0059255846,0.00047647057,0.042571045,0.040426996,0.0
0.089511655,0.004301153,0.082889974,0.0,0.0,0.023807794,0.0,0.08923933,0.003923634,0.0,0.06884946,0.0,0.023711644,0.0,0.0064969165,0.0,0.016959123,0.025589015,0.0,0.12601018,0.0073926803,0.0,0.0,0.0,0.0,0.042061646,0.02589421,0.0020763746,0.0033591676,0.05417359,0.066261925,0.0,0.0,0.0022833697,0.01260888,0.0,0.0,0.09330006,0.094230056,0.07414493,0.07542021,0.0723161,0.072227694,0.008723383,0.0,0.0,0.0,0.006083556,0.0005611691,0.042432122,0.04019087,0.0
0.09204066,0.003520052,0.08689735,0.0,0.0,0.024109373,0.0,0.09178022,0.0031195376,0.0,0.07256125,0.0,0.024026195,0.0,0.0055526774,0.0,0.016358692,0.021703368,0.0,0.118670754,0.0071380865,0.0,0.0,0.0,0.0,0.041723054,0.025496522,0.0020308166,0.0033150122,0.0525222,0.064035945,0.0,0.0,0.0037825322,0.013006198,0.0,0.0,0.08538359,0.08633986,0.069775224,0.07079263,0.0718309,0.07179995,0.008636792,0.0,0.0,0.0,0.006370703,0.0008085582,0.04222702,0.039773673,0.0
0.09399806,0.002346172,0.08935821,0.0,0.0,0.024463378,0.0,0.09378478,0.0018989863,0.0,0.07466865,0.0,0.02439771,0.0,0.0041525746,0.0,0.015418764,0.017359069,0.0,0.10907211,0.0066560684,0.0,0.0,0.0,0.0,0.040678307,0.024127757,0.0015848659,0.0028486033,0.04961086,0.060340352,0.0,0.0,0.0051012817,0.013065441,0.0,0.0,0.07601402,0.07704371,0.06438206,0.06521027,0.07177649,0.07180494,0.008048534,0.0,0.0,0.0,0.006699658,0.0011889297,0.042329583,0.03963514,0.0
0.09029217,0.0,0.0890125,0.0,0.0,0.024629649,0.0,0.09018266,0.0,0.0,0.07410523,0.0,0.02458158,0.0,0.0025180178,0.0,0.014125692,0.012682351,0.0,0.098331794,0.0056345062,0.0,0.0,0.0,0.0,0.03955336,0.022613864,0.0007927546,0.0020214783,0.045861527,0.055631034,0.0,0.0,0.0062653366,0.013001408,0.0,0.0,0.066455014,0.067514785,0.05858423,0.05928162,0.07123788,0.07132563,0.0071137575,0.0,0.0,0.0,0.006698833,0.001319516,0.04233536,0.03933809,0.0
0.0869569,0.0,0.08781169,0.0,0.0,0.024838837,0.0,0.08695707,0.0,0.0,0.07264188,0.0,0.02480764,0.0,0.0010815496,0.0,0.012722176,0.008507626,0.0,0.088323615,0.0046835057,0.0,0.0,0.0,0.0,0.03847757,0.021184368,0.0,0.00090317824,0.04203301,0.050832815,0.0,0.0,0.007558127,0.013146366,0.0,0.0,0.058349453,0.059454724,0.05372283,0.054431546,0.07063396,0.07075906,0.0060513504,0.0,0.0,0.0,0.0066312114,0.0014449977,0.042600706,0.03950408,0.0
0.084872395,0.0,0.08598624,0.0,0.0,0.02526389,0.0,0.08497838,0.0,0.0,0.070597775,0.0,0.02524704,0.0,0.00020810543,0.0,0.011392605,0.0062107844,0.0,0.080334745,0.0038911994,0.0,0.0,0.0,0.0,0.036817964,0.019259082,0.0,0.0,0.039124675,0.04713355,0.0,0.0,0.0082966145,0.01315988,0.0,0.0,0.05340258,0.054562986,0.050464265,0.051310584,0.06986308,0.06999587,0.005461796,0.0,0.0,0.0,0.0067902664,0.001810242,0.042945035,0.039999023,0.0
0.08425849,0.0,0.0848435,0.0,0.0,0.02602125,0.0,0.08445105,0.0,0.0,0.06934756,0.0,0.026011586,0.0,0.00015974091,0.0,0.010459407,0.006861767,0.0,0.0769673,0.0035517449,0.0,0.0,0.0,0.0,0.03447065,0.016531719,0.0,0.0,0.038023304,0.04561185,0.0,0.0,0.008069971,0.012895398,0.0,0.0,0.05360353,0.054782134,0.050046436,0.051177647,0.06972422,0.06983361,0.0054701185,0.0,0.0,0.0,0.0076282136,0.0028192159,0.043931995,0.041420385,0.0
0.08303697,0.0,0.0840235,0.0,0.0,0.026972026,0.0,0.083279,0.0,0.0,0.06863995,0.0,0.026957124,0.0,0.0010630726,0.0,0.010270914,0.0110659115,0.0,0.08106218,0.004443758,0.0,0.0,0.0,0.0,0.032042053,0.013670454,0.0,0.0,0.03963465,0.047346264,0.0,0.0,0.006519759,0.0121584,0.0,0.0,0.059985444,0.06106021,0.05318732,0.054711632,0.06992206,0.0699853,0.0061127683,0.0,0.0,0.0,0.009047655,0.004383414,0.045731183,0.04390753,0.0
0.081937216,0.0,0.08510069,0.0,0.0,0.027872596,0.0,0.08216563,0.0,0.0,0.069868736,0.0,0.027842576,0.0,0.0023458116,0.0,0.010939414,0.016861603,0.0,0.09111351,0.006300341,0.0,0.0,0.0,0.0,0.030902129,0.012225043,0.0,0.0,0.042861752,0.051295858,0.0,0.0,0.004683895,0.011533948,0.0,0.0,0.0694065,0.070321046,0.05824322,0.060108237,0.07073401,0.07075335,0.0069986153,0.0,0.0,0.0,0.010709064,0.0060320795,0.047704004,0.04654849,0.0
0.08410013,0.0,0.08833098,0.0,0.0,0.02843516,0.0,0.08423488,0.0,0.0,0.07308459,0.0,0.02838603,0.0,0.0037138108,0.0,0.0122970985,0.023033,0.0,0.104230806,0.008482047,0.0,0.0,0.0,0.0,0.031064577,0.012187427,0.0,0.0009952139,0.04685135,0.056472257,0.0,0.0,0.0029232563,0.011165199,0.0,0.0,0.07952926,0.0803499,0.064064756,0.066166036,0.07100259,0.07099843,0.0079905065,0.0,0.0,0.0,0.011879,0.007018525,0.049004763,0.048370406,0.0
0.08631832,0.0,0.0925304,0.0,0.0,0.02841085,0.0,0.086321354,0.0,0.0,0.07723018,0.0,0.028343452,0.0,0.004744554,0.0,0.013883593,0.027431041,0.0,0.115807265,0.009333437,0.0,0.0,0.0,0.0,0.032746572,0.013653094,0.00095084985,0.0021473551,0.050220855,0.061127678,0.00020602043,0.0,0.0016370611,0.011277869,0.0,0.0,0.08737886,0.088214114,0.068945274,0.07108132,0.069536135,0.069540866,0.008743351,0.0,0.0,0.0,0.011994818,0.0067414325,0.048696876,0.04816996,0.0
0.089146756,0.0012980476,0.09540558,0.0,0.0,0.027846724,0.0,0.08900396,0.00090049393,0.0,0.080222994,0.0,0.027761674,0.0,0.005244869,0.0,0.015343295,0.029383607,0.0,0.1244466,0.00943915,0.0,0.0,0.0,0.0,0.035551775,0.016191764,0.0017488215,0.0029240728,0.052683614,0.06461707,0.0,0.0,0.00080358284,0.011624593,0.0,0.0,0.091837645,0.092726454,0.072373986,0.07436685,0.06533692,0.065368585,0.009399954,0.0,0.0,0.0,0.010894123,0.005229762,0.046932064,0.04626743,0.0
0.089096874,0.002049867,0.09521316,0.0,0.0,0.02658589,0.0,0.088824555,0.0016919002,0.0,0.08040802,0.0,0.026487362,0.0,0.005313581,0.0,0.016350336,0.029558077,0.0,0.1294302,0.008791091,0.0,0.0,0.0,0.0,0.038149714,0.01882601,0.0022553296,0.0034150062,0.05425198,0.066762485,0.0,0.0,0.00017679855,0.011906668,0.0,0.0,0.093214765,0.094080254,0.07419645,0.075925395,0.05872403,0.05877794,0.009830544,0.0,0.0,0.0,0.009060303,0.0031163916,0.04500054,0.044016346,0.0
0.087433726,0.0019245502,0.09482797,0.0,0.0,0.025033,0.0,0.087041296,0.0015718956,0.0,0.08044279,0.0,0.024926944,0.0,0.005091387,0.0,0.016806563,0.029009737,0.0,0.13129473,0.00785669,0.0,0.0,0.0,0.0,0.040277667,0.021581594,0.002442711,0.003582998,0.05491227,0.06750899,0.0,0.0,0.0,0.011910945,0.0,0.0,0.092149474,0.092880644,0.074366525,0.0757568,0.05177669,0.05184006,0.009858647,0.0,0.0,0.0,0.0072684227,0.0012265292,0.043263055,0.041813508,0.0
0.085495844,0.001244165,0.09525851,0.0,0.0,0.023633517,0.0,0.08499397,0.0008743834,0.0,0.081202015,0.0,0.023527805,0.0,0.004645317,0.0,0.0167349,0.028180327,0.0,0.13039374,0.0072942567,0.0,0.0,0.0,0.0,0.04249274,0.024890956,0.0022414662,0.0033458224,0.05455467,0.066808656,0.0,0.0,0.0,0.011547549,0.0,0.0,0.08870709,0.089257024,0.072816655,0.073830724,0.046052318,0.04611837,0.009407189,0.0,0.0,0.0,0.0056176605,0.0,0.041348923,0.03934126,0.0
0.08219133,0.0,0.09582383,0.0,0.0,0.022390783,0.0,0.08161769,0.0,0.0,0.08196094,0.0,0.022294166,0.0,0.0038190593,0.0,0.016147148,0.026603375,0.0,0.12675703,0.0073244316,0.0,0.0,0.0,0.0,0.044531062,0.028082797,0.0015356373,0.002599112,0.05272778,0.064311296,0.0,0.0,0.0,0.010919436,0.0,0.0,0.08269107,0.0830946,0.069615304,0.070325084,0.041250788,0.04131731,0.008483784,0.0,0.0,0.0,0.003954745,0.0,0.03932385,0.036769163,0.0
0.08146214,0.0,0.09608058,0.0,0.0,0.021043183,0.0,0.0808632,0.0,0.0,0.082058854,0.0,0.020962724,0.0,0.0028223495,0.0,0.015075134,0.024940511,0.0,0.12159141,0.008898357,0.0,0.0,0.0,0.0,0.04560442,0.030186117,0.0005058157,0.0015362045,0.04988003,0.06053842,0.0,0.0,0.0,0.0100327525,0.0,0.0,0.0753897,0.07574773,0.06576785,0.06641583,0.036926053,0.036995508,0.0075845197,0.0,0.0,0.0,0.002193917,0.0,0.038292177,0.035432532,0.0
0.082329184,0.0,0.09552583,0.0,0.0,0.019589446,0.0,0.081774995,0.0,0.0,0.08120883,0.0,0.019533003,0.0,0.0019363635,0.0,0.013611389,0.023053791,0.0,0.114518024,0.011289346,0.0,0.0,0.0,0.0,0.04548097,0.031085059,0.0,0.00040440354,0.046325088,0.055891264,0.0,0.0,0.0,0.009423042,0.0,0.0,0.06783518,0.06824408,0.06188318,0.06263766,0.0356768,0.035771474,0.006628262,0.0,0.0,0.0,0.0006385129,0.0,0.03900852,0.036056276,0.0
0.08468873,0.0,0.095079795,0.0,0.0,0.018526578,0.0,0.08423344,0.0,0.0,0.08052632,0.0,0.018494766,0.0,0.001122247,0.0,0.011929346,0.020605333,0.0,0.10557795,0.013974732,0.0,0.0,0.0,0.0,0.045077972,0.031690907,0.0,0.0,0.04239092,0.05079343,0.0,0.0,0.0016984507,0.009077081,0.0,0.0,0.060094103,0.06055632,0.05748282,0.05831044,0.03775903,0.03789904,0.006304728,0.0,0.0,0.0,0.0,0.0,0.03995656,0.03699769,0.0
0.085983485,0.00095404126,0.09448002,0.0,0.0,0.01795277,0.0,0.08566284,0.00043157768,0.0,0.07992156,0.0,0.017942846,0.0,0.00011081621,0.0,0.010188058,0.016880881,0.0,0.094998926,0.01641847,0.0,0.0,0.0,0.0,0.044768255,0.03218226,0.0,0.0,0.03826045,0.045535885,0.0,0.0,0.004288741,0.009156145,0.0,0.0,0.05216775,0.05263471,0.05250508,0.053273223,0.04287869,0.043068066,0.006395964,0.0,0.0,0.0,0.0,0.0,0.040634133,0.037759423,0.0
0.08396388,0.0010681078,0.093464606,0.0,0.0,0.017602518,0.0,0.08378878,0.0005251309,0.0,0.07899694,0.0,0.017609915,0.0,0.0,0.0,0.008495965,0.013210126,0.0,0.08426919,0.017984001,0.0,0.0,0.0,0.0,0.043767165,0.03153878,0.0,0.0,0.0346184,0.040953193,0.0,0.0,0.006455753,0.009286656,0.0,0.0,0.045799725,0.04622078,0.048009545,0.048727162,0.0482284,0.048441153,0.0070728436,0.0,0.0,0.0,0.0,0.0,0.04131838,0.038640916,0.0
0.079819165,0.0005788822,0.09301839,0.0,0.0,0.017698422,0.0,0.07976932,1.7148443e-05,0.0,0.07877009,0.0,0.017718904,0.0,0.0,0.0,0.0070298472,0.009447239,0.0,0.07510042,0.018683948,0.0,0.0,0.0,0.0,0.042932216,0.03068637,0.0,0.0,0.03186063,0.037490137,0.0,0.0,0.008307267,0.009626585,0.0,0.0,0.041128382,0.041433305,0.044478506,0.04516235,0.054128803,0.054340545,0.008039394,0.0,0.0,0.0,0.0,0.0,0.042378154,0.040032946,0.0
0.07456741,0.0,0.09292273,0.0,0.0,0.018403651,0.0,0.07459619,0.0,0.0,0.07892353,0.0,0.018436424,0.0,0.0,0.0,0.005918895,0.0056014233,0.0,0.06847309,0.01852323,0.0,0.0,0.0,0.0,0.042532228,0.030050738,0.0,0.0,0.030008072,0.03525015,0.0,0.0,0.009998806,0.010275673,0.0,0.0,0.037870366,0.038022216,0.041872866,0.042527713,0.060562823,0.060756095,0.008821766,0.0,0.0,0.0,0.0,0.0,0.043642484,0.041696977,0.0
0.07122667,0.0,0.09331243,0.0,0.0,0.019719632,0.0,0.0712717,0.0,0.0,0.079390086,0.0,0.019761803,0.0,0.0,0.0,0.0050555486,0.0011014901,0.0,0.063775726,0.018322501,0.0,0.0,0.0,0.0,0.042871755,0.03012972,0.0,0.0,0.028380781,0.03344739,0.0,0.0,0.01187746,0.0112248305,0.0,0.0,0.03367526,0.033666983,0.03893327,0.03951501,0.06550045,0.06566487,0.009423891,0.0,0.0,0.0,0.0,0.0,0.044032447,0.042463955,0.0
0.06999278,0.0,0.09276336,0.0,0.0,0.020914936,0.0,0.07001384,0.0,0.0,0.07851696,0.0,0.020966817,0.0,0.0,0.0,0.004164421,0.0,0.0,0.059919335,0.01838822,0.0,0.0,0.0,0.0,0.04288776,0.030006139,0.0,0.0,0.026536634,0.031549405,0.0,0.0,0.013766399,0.012306818,0.0,0.0,0.028750557,0.02865339,0.03572831,0.036262438,0.06796937,0.068099335,0.009314311,0.0,0.0,0.0,0.0,0.0,0.04387228,0.0426108,0.0
0.06969592,0.0,0.09146255,0.0,0.0018538553,0.021722883,0.0,0.069687724,0.0,0.0,0.07667923,0.0017403122,0.021786408,0.0,0.0,0.0,0.0030839038,0.0,0.0,0.055297755,0.019089663,0.0,0.0,0.0,0.0,0.042454932,0.029482381,0.0,0.0,0.023993943,0.028869454,0.0,0.0,0.015865328,0.013541253,0.0,0.0,0.022579554,0.022496793,0.031804383,0.032232475,0.068219684,0.06833739,0.008637504,0.0,0.0,0.0,0.0,0.0,0.043018006,0.041880243,0.0
0.069108814,0.0,0.08936094,0.0,0.006337665,0.021905253,0.0,0.06909951,0.0,0.0,0.073986255,0.0062824003,0.021987747,0.0,0.0,0.0,0.0016927649,0.0,0.0,0.047903173,0.01961212,0.0,0.0,0.0,0.0,0.041731577,0.028605398,0.0,0.0,0.020499734,0.024976654,0.0,0.0,0.018406913,0.015048696,0.0,0.0,0.015386279,0.015447257,0.027371656,0.027609572,0.067535624,0.06767252,0.007388618,0.0,0.0,0.0,0.0,0.0,0.041770853,0.040580966,0.0
0.06977374,0.0,0.08612966,0.0,0.009838624,0.021299321,0.0,0.0697884,0.0,0.0,0.07003672,0.009835459,0.021405494,0.0,0.0,0.0,0.0,0.0,0.0,0.037451357,0.019554704,0.0,0.0,0.0,0.0,0.040676266,0.0272642,0.0,0.0,0.016351558,0.020090135,0.0,0.0,0.02101847,0.016599119,0.0,0.0,0.007919988,0.008245168,0.022770187,0.022794856,0.065576285,0.065753296,0.006135621,0.0,0.0,0.0,0.0,0.0,0.040038947,0.038631767,0.0
0.068872415,0.0,0.08107966,0.0,0.013016133,0.02014501,0.0,0.06894769,0.0,0.0,0.06446592,0.013012383,0.02027333,0.0,0.0,0.0,0.0,0.0,0.0,0.025019916,0.018613817,0.0,0.0,0.0,0.0,0.03902465,0.025341457,0.0,0.0,0.012058509,0.014857641,0.0,0.0,0.02315766,0.017975327,0.0,0.0,0.001196654,0.0018463153,0.018276658,0.018084047,0.06242497,0.06264466,0.0049484484,0.0,0.0,0.0,0.0,0.0,0.037544236,0.035827544,0.0
0.06619738,0.0,0.0746745,0.0,0.015292449,0.018745597,0.0,0.06636064,0.0,0.0,0.057873443,0.015228346,0.01889,0.0,0.0,0.0,0.0,0.0,0.0,0.014319614,0.017018726,0.0,0.0,0.0,0.0,0.036736816,0.022798058,0.0,0.0,0.0086486,0.010630445,0.0,0.0,0.024069635,0.01888369,0.0,0.0,0.0,0.0,0.015522117,0.015220911,0.058515344,0.05875952,0.0037768483,0.0,0.0,2.8182287e-05,0.0,0.0,0.034857646,0.032871705,0.0
0.06379348,0.0,0.07038331,0.0,0.016212026,0.017795656,0.0,0.064051725,0.0,0.0,0.053759698,0.01602027,0.017945724,0.0,0.0,0.0,0.0,0.0,0.0,0.008514971,0.016120499,0.0,0.0,0.0,0.0,0.034578405,0.020256925,0.0,0.0,0.0065130726,0.008014534,0.0,0.0,0.024000801,0.01928817,0.0,0.0,0.0,0.0,0.014408808,0.014055622,0.055680927,0.055932622,0.0030662902,0.0,0.0,0.00095078396,0.0,0.0,0.03279107,0.030664036,0.0
0.06355093,0.00017310493,0.07072902,0.0,0.014890695,0.017571175,0.0,0.06389187,0.0,0.0,0.05427734,0.0145734735,0.017712524,0.0,0.0,0.0,0.0,0.0,0.0,0.00965143,0.016352858,0.0,0.0,0.0,0.0,0.033075254,0.01808937,0.0,0.0,0.006215401,0.007783371,0.0,0.0,0.022532806,0.018751193,0.0,0.0,0.0016353477,0.0031352313,0.014687713,0.014349125,0.054847114,0.05507943,0.0031423885,0.0,0.0,0.0014214497,0.0,0.0,0.031985853,0.029894495,0.0
0.06519911,0.0011993479,0.07538756,0.0,0.01205169,0.01828463,0.0,0.06556951,0.0008074846,0.0,0.059051275,0.011658661,0.018401507,0.0,0.0,0.0,0.0,0.0,0.0,0.0185261,0.018451363,0.0,0.0,0.0,0.0,0.033206664,0.017214142,0.0,0.0,0.007869037,0.010081398,0.0,0.0,0.020387849,0.017512772,0.0,0.0,0.006835739,0.008110184,0.015581349,0.01526459,0.056737833,0.05693454,0.0040473975,0.0,0.0,0.0013885023,0.0,0.0,0.032757476,0.03089275,0.0
0.0654367,0.0,0.08141499,0.0,0.009605556,0.019568164,0.0,0.06576896,0.0,0.0,0.065242305,0.009184391,0.019654859,0.0,0.0,0.0,0.0,0.0,0.0,0.03383563,0.021245752,0.0,0.0,0.0,0.0,0.03430339,0.017225808,0.0,0.0,0.011771606,0.015235407,0.0,0.0,0.017667197,0.015840363,0.0,0.0,0.014136035,0.014916424,0.017789092,0.01758819,0.059537377,0.059682395,0.0053802878,0.0,0.0,0.0008427729,0.0,0.0,0.03470722,0.03318506,0.0
0.06921391,0.0,0.08804496,0.0,0.007743066,0.020995665,0.0,0.06942244,0.0,0.0,0.07211321,0.0073357467,0.021055328,0.0,0.0,0.0,0.0,0.0023675547,0.0,0.053837728,0.02408287,0.0,0.0,0.0,0.0,0.03553623,0.017671993,0.0,0.0,0.017931871,0.023032155,0.0,0.0,0.01517525,0.014245502,0.0,0.0,0.024183918,0.02446353,0.022669058,0.022791397,0.061692774,0.061778832,0.0071393047,0.0,0.0,4.940387e-05,0.0,0.0,0.037782274,0.036779016,0.0
0.077741325,0.0001375638,0.09602544,0.0,0.005415827,0.022278566,0.0,0.077757046,0.0,0.0,0.08038912,0.0050104763,0.022314187,0.0,0.0,0.0,0.0023173378,0.011621926,0.0,0.07638444,0.02619437,0.0,0.0,0.0,0.0,0.035606213,0.017584333,0.0,0.0,0.026264053,0.033150457,0.0,0.0,0.012706808,0.012811679,0.0,0.0,0.037823305,0.037724324,0.030826712,0.031466044,0.0630374,0.06306721,0.009554394,0.0,0.0,0.0,0.00014841248,0.0,0.041940853,0.041587442,0.0
0.0812105,0.0029096827,0.10343832,0.0,0.002790641,0.023140868,0.0,0.08101443,0.002771413,0.0,0.08827489,0.0023695305,0.023147944,0.0,0.0,0.0,0.0055801217,0.021520346,0.0020127292,0.099372484,0.027161129,0.0,0.0,0.0,0.0,0.035635415,0.018273572,0.0,0.0,0.035722896,0.044378564,7.5014774e-05,0.0,0.009988568,0.011628834,0.0,0.0,0.05380199,0.053311937,0.04109312,0.042168006,0.06369421,0.06369086,0.012377185,0.0,0.0,0.0,0.0022759675,0.0,0.04574736,0.045844372,0.0
0.07748596,0.0040087774,0.109810136,0.0,0.0,0.022958985,0.0,0.07707268,0.0039401855,0.0,0.09483426,0.0,0.022934565,0.0,0.0,0.0,0.008628619,0.029399514,0.0032931743,0.11898166,0.027413568,0.0,0.0,0.0,0.0,0.03762091,0.02151252,0.0,0.0,0.043760203,0.053947903,0.00047103455,0.0,0.007829532,0.011276784,0.0,0.0,0.06736871,0.06652849,0.050392002,0.05160472,0.062229715,0.062215216,0.014546422,0.0,0.0,0.0,0.0030405598,0.0,0.047597274,0.04763388,0.0
0.07389908,0.004779294,0.11631232,0.0,0.0,0.021679359,0.0,0.07327384,0.0047642533,0.0,0.101079434,0.0,0.021628037,0.0,0.0,0.0,0.011081813,0.034519456,0.0031446395,0.13284181,0.027395587,0.0,0.0,0.0,0.0,0.040996265,0.026237007,0.0,0.0,0.049730007,0.060975067,0.0,0.0,0.0062002437,0.011465214,0.0,0.0,0.07708389,0.07606087,0.057393335,0.0585152,0.05797903,0.057950925,0.015897926,0.0,0.0,0.0,0.0022911404,0.0,0.047209397,0.046918336,0.0
0.0759483,0.008082563,0.124351144,0.0,0.0,0.019936778,0.0,0.07512781,0.008139937,0.0,0.108746044,0.0,0.019869428,0.0,0.0014827247,0.0,0.012823874,0.03773529,0.0021757167,0.14108047,0.02699403,0.0,0.0,0.0,0.0,0.04387638,0.030142814,0.0,0.0,0.054136954,0.06583874,0.0,0.0,0.0049025933,0.011739946,0.0,0.0,0.08387923,0.08285169,0.062646605,0.06363146,0.05388176,0.05383238,0.016743321,0.0,0.0,0.0,0.0012607068,0.0,0.04684413,0.046300296,0.0
0.07711169,0.010728151,0.13158059,0.0,0.0,0.018433781,0.0,0.07614888,0.010828865,0.0,0.11603284,0.0,0.018360225,0.0,0.0031406602,0.0,0.013935598,0.040141493,0.0013368079,0.1448592,0.025937665,0.0,0.0,0.0,0.0,0.044838727,0.032008164,0.00014572451,0.0010634931,0.05768618,0.06940356,0.0,0.0,0.0030361298,0.011337494,0.0,0.0,0.08858968,0.087579146,0.06643065,0.06727005,0.05108254,0.051017616,0.017655693,0.0,0.0,0.0,0.0006828201,0.0,0.046601508,0.045862146,0.0
0.074676886,0.01096468,0.1369283,0.0,0.0,0.017262857,0.0,0.07362449,0.011060582,0.0,0.12162087,0.0,0.017190196,0.0,0.0040186904,0.0,0.014362277,0.040289976,0.0005019037,0.14407791,0.02422325,0.0,0.0,0.0,0.0,0.04527694,0.033292647,0.0007235934,0.0016885526,0.059559565,0.0709589,0.0,0.0,0.0014040105,0.010704555,0.0,0.0,0.08928304,0.088249676,0.06787279,0.06849909,0.048689246,0.048625916,0.018365642,0.0,0.0,0.0,0.00025881152,0.0,0.045784645,0.044654578,0.0
0.07507832,0.012102961,0.14230551,0.0,0.0,0.016214387,0.0,0.07396171,0.012188315,0.0,0.12694682,0.0,0.01614652,0.0,0.0038697028,0.0,0.014116015,0.037732944,0.0,0.13973877,0.022512907,0.0,0.0,0.0,0.0,0.045496438,0.034178935,0.00068235537,0.0016626855,0.059546605,0.07034548,0.0,0.0,0.0005529431,0.010004416,0.0,0.0,0.08569732,0.0846475,0.06718416,0.0676076,0.046790898,0.046738945,0.018661134,0.0,0.0,0.0,0.0,0.0,0.0449106,0.043334205,0.0
0.07562816,0.013640688,0.14678195,0.0,0.0,0.015063006,0.0,0.07449214,0.013705529,0.0,0.13119139,0.0,0.01500594,0.0,0.002856102,0.0,0.013225118,0.03323583,0.0,0.13225353,0.021073468,0.0,0.0,0.0,0.0,0.04487493,0.03395456,0.00018749572,0.0011661244,0.057820633,0.0677514,0.0,0.0,0.0005679747,0.009395024,0.0,0.0,0.07862446,0.07754163,0.064769275,0.06503832,0.045649923,0.045635555,0.01841525,0.0,0.0,0.0,0.0,0.0,0.045135524,0.043090735,0.0
0.07447226,0.014398955,0.1497021,0.0,0.0,0.013646128,0.0,0.07337526,0.0144162625,0.0,0.13363653,0.0,0.01360506,0.0,0.001048397,0.0,0.011559283,0.026902288,0.0,0.12028182,0.019199954,0.0,0.0,0.0,0.0,0.044101607,0.033535063,0.0,0.00023986213,0.054169267,0.062907875,0.0,0.0,0.0013842847,0.008879474,0.0,0.0,0.067792855,0.066643335,0.060108744,0.06026478,0.044367086,0.044405174,0.017850162,0.0,0.0,0.0,0.0,0.0,0.04620441,0.04357494,0.0
0.072840825,0.014287313,0.14993532,0.0,0.0,0.012288514,0.0,0.07183925,0.0142200105,0.0,0.13327989,0.0,0.012267001,0.0,0.0,0.0,0.009233296,0.019141933,0.0,0.1040225,0.017049847,0.0,0.0,0.0,0.0,0.04388398,0.03378331,0.0,0.0,0.048837256,0.056128882,0.0,0.0,0.0030030468,0.008576712,0.0,0.0,0.05394626,0.05276779,0.05318379,0.053229436,0.043410562,0.04350658,0.016928721,0.0,0.0,0.0,0.0,0.0,0.04693031,0.04362445,0.0
0.07111014,0.013810338,0.14703494,0.0,0.0,0.011234185,0.0,0.0702381,0.013639887,0.0,0.12983584,0.0,0.01123627,0.0,0.0,0.0,0.006495531,0.011280574,0.0,0.08505627,0.014751667,0.0,0.0,0.0,0.0,0.044327818,0.034651197,0.0,0.0,0.04211579,0.047874443,0.0,0.0,0.0054210536,0.008836958,0.0,0.0,0.03903691,0.037949592,0.04510802,0.04506684,0.043642964,0.04379138,0.015574855,0.0,0.0,0.0,0.0,0.0,0.04704854,0.043020543,0.0
0.067640975,0.012698371,0.14067349,0.0,0.0,0.010723211,0.0,0.066920824,0.012414673,0.0,0.12345304,0.0,0.010752824,0.0,0.0,0.0,0.0037849979,0.0040472094,0.0,0.06595737,0.012363299,0.0,0.0,0.0,0.0,0.044861253,0.0355017,0.0,0.0,0.03510063,0.039459288,0.0,0.0,0.008244877,0.009698145,0.0,0.0,0.026246704,0.025407664,0.038087502,0.037962243,0.04628485,0.046480823,0.013684352,0.0,0.0,0.0,0.0,0.0,0.046379723,0.041719332,0.0
0.062411472,0.010788312,0.13123927,0.0,0.0,0.010677912,0.0,0.061851062,0.010391995,0.0,0.114487454,0.0,0.010735873,0.0,0.0,0.0,0.001393199,0.0,0.0,0.048691038,0.0097001055,0.0,0.0,0.0,0.0,0.0449687,0.03558878,0.0,0.0,0.029003076,0.032227315,0.0,0.0,0.010636178,0.010825408,0.0,0.0,0.017546229,0.017111186,0.03353499,0.03337511,0.049053032,0.049280968,0.012004605,0.0,0.0,0.0,0.0,0.0,0.045183502,0.040031638,0.0
0.060024068,0.009988592,0.12026843,0.0,0.0,0.011111768,0.0,0.059615105,0.009499098,0.0,0.10419054,0.0,0.011192197,0.0,0.0,0.0,0.0,0.0,0.0,0.035163954,0.0071943053,0.0,0.0,0.0,0.0,0.04506722,0.035419185,0.0,0.0,0.024386123,0.026760064,0.0,0.0,0.012432288,0.011950031,0.0,0.0,0.012801196,0.012824159,0.03141539,0.031290397,0.05157832,0.051807817,0.01063843,0.0,0.0,0.0,0.0,0.0,0.04397121,0.03858348,0.0
0.06029033,0.010048977,0.11006855,0.0,0.0,0.0121161435,0.0,0.060008556,0.009499245,0.0,0.09475339,0.0,0.012209358,0.0,0.0,0.0,0.0,0.0,0.0,0.027186839,0.0062270444,0.0,0.0,0.0,0.0,0.04496214,0.034867033,0.0,0.0,0.021318026,0.023090372,0.0,0.0,0.013847349,0.013051763,0.0,0.0,0.010893267,0.0112558715,0.030700501,0.030624649,0.05409773,0.05431053,0.009684033,0.0,0.0,0.0,0.0,0.0,0.043240406,0.03789272,0.0
0.063181676,0.0112357335,0.10296048,0.0,0.0,0.013492668,0.0,0.062982045,0.0106655825,0.0,0.08827399,0.0,0.013587576,0.0,0.0,0.0,0.0,0.0,0.0,0.024855277,0.007516062,0.0,0.0,0.0,0.0,0.04537235,0.034808494,0.0,0.0,0.019312166,0.020732613,0.0,0.0,0.015313284,0.014122848,0.0,0.0,0.009897166,0.010348308,0.029909912,0.029817248,0.056790594,0.05697894,0.009503064,0.0,0.0,0.0,0.0,0.0,0.042946294,0.037839547,0.0
0.06508077,0.011992382,0.09911533,0.0,0.0,0.014876053,0.0,0.06492522,0.011423356,0.0,0.08484175,0.0,0.014967491,0.0,0.0,0.0,0.0,0.0,0.0,0.025696797,0.010276545,0.0,0.0,0.0,0.0,0.046085536,0.035124227,0.0,0.0,0.017820658,0.019172618,0.0,0.0,0.017033432,0.015234858,0.0,0.0,0.008337729,0.0086731035,0.028025,0.027784344,0.059593637,0.05976346,0.009817833,0.0,0.0,0.0,0.0,0.0,0.042577207,0.037781835,0.0
0.065302506,0.01190319,0.09882361,0.0,0.0,0.015694303,0.0,0.065156184,0.011354278,0.0,0.08453263,0.0,0.01578204,0.0,0.0,0.0,0.0,0.0,0.0,0.027637806,0.013188157,0.0,0.0,0.0,0.0,0.04683233,0.03548658,0.0,0.0,0.016588522,0.018063482,0.0,0.0,0.018732488,0.016288567,0.0,0.0,0.0063646995,0.0064985463,0.025597837,0.025185745,0.06081684,0.06097307,0.0104992725,0.0,0.0,0.0,0.0,0.0,0.042017482,0.037495963,0.0
0.070284925,0.014369485,0.102057524,0.0,0.0,0.015885513,0.0,0.070114985,0.013885232,0.0,0.08720049,0.0,0.01596924,0.0,0.0,0.0,0.0,0.0,0.0,0.030586923,0.015600264,0.0,0.0,0.0,0.0,0.046845645,0.035090163,0.0,0.0,0.016008541,0.017727166,0.0,0.0,0.019776456,0.016854558,0.0,0.0,0.006111826,0.006112461,0.024244828,0.023826662,0.062126607,0.0622583,0.011067707,0.0,0.0,0.0,0.0,0.0,0.04210829,0.037975155,0.0
0.08418167,0.023218166,0.10941354,0.0,0.0,0.015690934,0.0,0.08394833,0.022871193,0.0,0.093560755,0.0,0.015760094,0.0,0.0,0.0,0.0,0.0,0.0,0.03659565,0.018298145,0.0,0.0,0.0,0.0,0.046453852,0.034274258,0.0,0.0,0.016474737,0.01849442,0.0,0.0,0.019947872,0.016630515,0.0,0.0,0.008763734,0.008627302,0.024769355,0.024531145,0.06681968,0.066907525,0.01182273,0.0,0.0,0.0,0.0,0.0,0.044238698,0.040706813,0.0
0.10948024,0.041474774,0.11908852,0.0,0.0,0.015589166,0.0,0.10912318,0.041345395,0.0,0.10208672,0.0,0.015626978,0.0,0.0,0.0,0.0,0.0,0.0,0.04603702,0.022223812,0.0,0.0,0.0,0.0,0.046521973,0.034039587,0.0,0.0,0.017926995,0.020414207,0.0,0.0,0.019677984,0.015667705,0.0,0.0,0.01316837,0.012788759,0.026225295,0.026156574,0.07943913,0.07946522,0.013401312,0.0,0.0,0.0,0.0,0.0,0.04899891,0.04629963,0.0
0.13613144,0.06519344,0.12659457,0.0,0.0,0.015868999,0.0,0.13557401,0.06530699,0.0,0.10885365,0.0,0.015871767,0.0,0.0,0.0,0.0,0.0,0.0,0.057242557,0.0269083,0.0,0.0,0.0,0.0,0.04698662,0.03461888,0.0,0.0,0.019313518,0.02247418,0.0,0.0,0.019546188,0.014552699,0.0,0.0,0.01679302,0.015954044,0.027737238,0.02766459,0.10153653,0.10146296,0.015408398,0.0,0.0,0.0,0.0,0.0,0.056274816,0.054402456,0.0
0.16436085,0.09260673,0.12869109,0.0,0.0,0.017321791,0.0,0.16349949,0.092949934,0.0,0.11055283,0.0,0.017320773,0.0,0.0,0.0,0.00021981401,0.0,0.0020563693,0.06736043,0.031161878,0.0,0.0,0.0,0.0,0.047318242,0.035526447,0.0,0.0,0.019744314,0.023698714,0.0,0.0,0.020575874,0.014380119,0.00092878006,0.0,0.017386544,0.016053934,0.02992282,0.029910466,0.13198331,0.13173525,0.017266896,0.0,0.0,0.0,0.00066748285,0.0,0.0653111,0.064201094,0.0
0.2046885,0.12408986,0.12263878,0.0,0.0,0.022148732,0.0,0.20353407,0.12463248,0.0,0.104196094,0.0,0.02221824,0.0,0.0,0.0,0.0015464905,0.0,0.0013331133,0.071069084,0.031998396,0.0,0.0,0.0,0.0,0.048224762,0.03719727,0.0,0.0,0.019490728,0.02463137,0.0,0.0,0.024871277,0.017159674,0.0059095044,0.0046041375,0.015174484,0.013858633,0.033975028,0.03492529,0.17467466,0.17412788,0.01662783,0.0,0.0,0.0,0.005271488,0.0021220027,0.076018795,0.076344356,0.0
0.24759565,0.15002188,0.111193,0.0,0.0,0.029628225,0.0,0.24652612,0.1506359,0.0,0.09301484,0.0,0.029796751,0.0,0.0,0.0,0.0023851865,0.0,0.0,0.068593435,0.032507792,0.0,0.0,0.0,0.0,0.050365314,0.03901069,0.0,0.0,0.02011694,0.026863309,0.0,0.0,0.03461151,0.023648504,0.0133551555,0.011739613,0.01181218,0.010731444,0.03613016,0.0389248,0.22032502,0.2195003,0.015826222,0.0,0.0,0.0,0.009304287,0.0068554124,0.08505195,0.08805221,0.0
0.29844078,0.17733124,0.113055065,0.0,0.0,0.036461163,0.0,0.29747435,0.17802083,0.0,0.09337662,0.0,0.03669107,0.0,0.0,0.0,0.0027652516,0.0,0.0001859609,0.06245947,0.035634764,0.0,0.0,0.0,0.0,0.05202112,0.04050468,0.0,0.0,0.022681165,0.030809738,0.0,0.0,0.045037076,0.029846366,0.020382259,0.018268723,0.010136962,0.009121772,0.035019774,0.039164066,0.2599241,0.2589317,0.018455379,0.0,0.0,0.0,0.012427894,0.010760305,0.091534466,0.097269215,0.0
0.31801084,0.19165221,0.11662568,0.0,0.0,0.041010346,0.0,0.31698287,0.19232297,0.0,0.09490008,0.0,0.04124959,0.0,0.0,0.0,0.0031960884,0.0,0.0023373058,0.054554135,0.03782451,0.0,0.0,0.0,0.0,0.05481746,0.04369169,0.0,0.0,0.021298656,0.030386344,0.0,0.0,0.049300466,0.032421242,0.023537897,0.020967582,0.0038281437,0.0029796436,0.031043775,0.035168022,0.29171255,0.29065257,0.019637324,0.0,0.0,0.0009780745,0.016197335,0.014804298,0.094009265,0.10056612,0.0
0.29319572,0.18080798,0.119213074,0.0,0.0,0.0436436,0.0,0.2922305,0.18133746,0.0,0.09667696,0.0,0.043848395,0.0,0.0,0.0,0.0038347966,0.0,0.0040368633,0.050005525,0.036557578,0.0,0.0,0.0,0.0,0.053269506,0.042237736,0.0,0.0,0.018225292,0.027869672,0.0,0.0,0.048186485,0.0321812,0.02157945,0.018885575,0.0,0.0,0.029346917,0.03328765,0.30718452,0.30615282,0.018416487,0.0,0.0,0.0007601036,0.02024287,0.018826986,0.09334467,0.099593684,0.0
0.25372857,0.15938589,0.13102412,0.0,0.0,0.044773143,0.0,0.25293088,0.15983166,0.0,0.10814251,0.0,0.04494216,0.0,0.0,0.0,0.0041408204,0.0,0.0051940274,0.052458163,0.033611845,0.0,0.0,0.0,0.0,0.04496765,0.03373748,0.0,0.0,0.019372629,0.029121613,0.0007618964,0.0,0.04560952,0.030802153,0.01787906,0.015458222,0.0,0.0,0.03272354,0.037125215,0.30084786,0.29992965,0.01893617,0.0,0.0,0.0,0.024150318,0.022715801,0.094366886,0.10076596,0.0
0.21665688,0.13649139,0.14187889,0.0,0.0,0.045049056,0.0,0.21609387,0.1369529,0.0,0.119294,0.0,0.045198955,0.0,0.0,0.0,0.0038578934,0.0,0.004485258,0.06188026,0.031698704,0.0,0.0,0.0,0.0,0.035425145,0.0228839,0.0,0.0,0.023591,0.032927435,0.0038037724,0.0,0.04170492,0.028420294,0.014830783,0.012782091,0.0041102665,0.0029904079,0.040069785,0.045042396,0.27753383,0.27677453,0.021745373,0.0,0.0,0.0,0.026987873,0.025277264,0.0971812,0.10408035,0.0
0.17659435,0.107357614,0.13839534,0.0,0.0,0.04341237,0.0,0.17627896,0.10771707,0.0,0.11719461,0.0,0.04353011,0.0,0.0,0.0,0.0028997564,0.0,0.0017726966,0.0749008,0.031031858,0.0,0.0,0.0,0.0,0.028432779,0.014536187,0.0,0.0,0.028448135,0.03702466,0.0058441283,0.0,0.03455399,0.024526604,0.011858776,0.0101346895,0.019451119,0.017952817,0.047007672,0.05181575,0.24598438,0.24536327,0.023393124,0.0,0.0,0.0,0.026113648,0.023949055,0.095830165,0.102259085,0.0
0.12963651,0.06912871,0.115186244,0.0,0.0,0.041958287,0.0,0.1294496,0.06916051,0.0,0.096746504,0.0,0.04202165,0.0,0.0,0.0,0.002604503,0.0026927525,0.0,0.088035256,0.02843602,0.0,0.0,0.0,0.0,0.026188359,0.011838317,0.0,0.0,0.033216305,0.04167141,0.007955547,0.0,0.02518247,0.020312794,0.00852407,0.0071035055,0.036503688,0.03478728,0.050363455,0.05440659,0.21034089,0.20978475,0.022209575,0.0,0.0,0.0,0.022498637,0.02014633,0.08694832,0.09188038,0.0
0.09962971,0.03583322,0.079403855,0.0,0.015132595,0.042338684,0.0,0.09941957,0.035525512,0.008040249,0.06407225,0.0140157435,0.042360645,0.0,0.0,0.0,0.0039102556,0.011534912,0.0,0.10188512,0.025355984,0.0,0.0,0.0,0.0,0.028124807,0.013371669,0.0,0.0,0.037555985,0.046964794,0.009976098,0.0,0.017284462,0.017471721,0.0059000747,0.0046530142,0.053448826,0.052244924,0.053045537,0.056644715,0.17324263,0.17266394,0.018489648,0.0,0.0,0.0,0.018914979,0.016603956,0.07495785,0.078690246,0.0
0.08743065,0.013211375,0.03776875,0.0,0.05192329,0.04348804,0.0,0.08715233,0.0126491245,0.025351956,0.025266346,0.050710075,0.04349345,0.0,0.0,0.0,0.0063664136,0.018344028,0.0,0.11516796,0.024358973,0.0,0.0,0.0,0.0,0.030127484,0.014278691,0.0,0.0,0.040687557,0.051700104,0.009722665,0.0,0.012241213,0.016368726,0.004249312,0.0029059844,0.067487426,0.067392245,0.055931523,0.059310958,0.13886426,0.13828585,0.013859799,0.0,0.0,0.0,0.015668422,0.013317329,0.06332829,0.06624896,0.0
0.09045896,0.0027939416,0.00025590137,0.0,0.07754131,0.044828497,0.0,0.090118915,0.0021246783,0.03659991,0.0,0.07637654,0.04484409,0.0,0.00020940905,0.0,0.009119379,0.02253339,0.0,0.12337944,0.024040993,0.0,0.0,0.0,0.0,0.030821566,0.013768254,0.0,0.0,0.043454226,0.056032117,0.0075087305,0.0,0.0098110875,0.016558934,0.0035507819,0.0019001374,0.07639751,0.07752018,0.05901202,0.062120065,0.112610385,0.11209947,0.009961069,0.0,0.0,0.0,0.013201916,0.0108636515,0.055898085,0.058354475,0.0
0.09282199,0.0,0.0,0.0,0.09467001,0.045533992,0.0,0.09245066,0.0,0.043245636,0.0,0.093612604,0.045588415,0.0,0.002520578,0.0,0.01114513,0.02374091,0.0,0.12370849,0.023112722,0.0,0.0,0.0,0.0,0.0313226,0.013878328,0.0,0.0013554139,0.045646153,0.059129618,0.005395444,0.0,0.009070657,0.01703425,0.0029230518,0.0010082489,0.07794506,0.07982706,0.059760705,0.06224202,0.09408324,0.09369184,0.007214928,0.0,0.0,0.0,0.011079969,0.008953592,0.053125307,0.055133544,0.0
0.09205818,0.0,0.0,0.0,0.10377401,0.04508,0.0,0.09169641,0.0,0.04218452,0.0,0.102877185,0.045196332,0.0,0.0037826556,0.0,0.011568163,0.020898715,0.0,0.1159817,0.022318367,0.0,0.0,0.0,0.0,0.03291833,0.0155895995,0.0006930664,0.0022966866,0.04465836,0.05795391,0.0037800102,0.0,0.01012938,0.017614841,0.00182564,0.0,0.071068935,0.07324548,0.056588233,0.058283605,0.08022893,0.079963654,0.0046126507,0.0,0.0,0.0,0.0085764285,0.00670521,0.052881524,0.054288413,0.0
0.09344501,0.0,0.0,0.0,0.10593382,0.043480475,0.0,0.09316021,0.0,0.031842,0.0,0.10524662,0.04366443,0.0,0.0036504115,0.0,0.010153616,0.015271804,0.0,0.10134505,0.022366975,0.0,0.0,0.0,0.0,0.035462573,0.01837989,0.00039465586,0.0019809706,0.03988337,0.0519481,0.0027247015,0.0,0.012268632,0.018020581,0.0004286673,0.0,0.058484733,0.060697634,0.050446827,0.05146502,0.06931308,0.06915059,0.0021711364,0.0,0.0,0.0,0.0050497567,0.0033848563,0.051870793,0.05261833,0.0
0.09062423,0.0,0.0,0.0,0.10583419,0.041365556,0.0,0.0905172,0.0,0.020031376,0.0,0.105356865,0.0416068,0.0,0.0024944427,0.0,0.007766172,0.007995343,0.0,0.0818284,0.021966426,0.0,0.0,0.0,0.0,0.03823108,0.02156309,0.0,0.0005682118,0.03296133,0.04336013,0.0022674007,0.0,0.014753078,0.018583454,0.0,0.0,0.043768775,0.045862112,0.042848673,0.04330463,0.059159372,0.05908175,0.00055077486,0.0,0.0,0.0,0.0008799932,0.0,0.04808995,0.0480799,0.0
0.08354412,0.0,0.0,0.0,0.105718315,0.039343443,0.0,0.083680935,0.0,0.012338092,0.0,0.10538198,0.039624244,0.0,0.0015210474,0.0,0.0055899685,0.0027247434,0.0,0.06361176,0.020762866,0.0,0.0,0.0,0.0,0.039828714,0.02377775,0.0,0.0,0.027285308,0.03627616,0.0021857303,0.0,0.016146116,0.019013379,0.0,0.0,0.032742344,0.034708887,0.036813065,0.036956064,0.050042514,0.050016426,0.00014705583,0.0,0.0,0.0,0.0,0.0,0.04345359,0.043004796,0.0
0.07256935,0.0,0.0,0.0,0.10688259,0.037840575,0.0,0.072940126,0.0,0.010156055,0.0,0.10661943,0.038141564,0.0,0.0007381271,0.0,0.0041827215,0.0,0.0,0.051167183,0.019553034,0.0,0.0,0.0,0.0,0.040604785,0.02524994,0.0,0.0,0.023981676,0.0321423,0.0026331134,0.0,0.01647051,0.019109128,0.0,0.0,0.026140105,0.027945504,0.032375522,0.03228992,0.043257408,0.04326834,0.00094497204,0.0,0.0,0.0,0.0,0.0,0.03945226,0.038881637,0.0
0.06272328,0.0,0.0,0.0,0.10815808,0.036871184,0.0,0.06326936,0.0,0.011436703,0.0,0.10793994,0.037179448,0.0,7.1548857e-06,0.0,0.0034406362,0.0,0.0,0.044758685,0.018859424,0.0,0.0,0.0,0.0,0.04082599,0.025970489,0.0,0.0,0.022575427,0.030449742,0.0033504954,0.0,0.016156863,0.018785715,0.0,0.0,0.022596411,0.02425886,0.02909205,0.028828345,0.039143655,0.03918232,0.0024597365,0.0,0.0,0.00019245176,0.0,0.0,0.036856193,0.036441475,0.0
0.05560448,0.0,0.0,0.0,0.10924649,0.036236227,0.0,0.056257166,0.0,0.01403575,0.0,0.10909127,0.03654716,0.0,0.0,0.0,0.003005229,0.0,0.0,0.041842915,0.018610423,0.0,0.0,0.0,0.0,0.04084587,0.02627033,0.0,0.0,0.021982325,0.029894711,0.0042072013,0.0,0.015854873,0.018243242,0.0,0.0,0.019821208,0.021375978,0.026200708,0.025743647,0.036999203,0.037065092,0.004013421,0.0,0.0,0.00030256063,0.0,0.0,0.035445612,0.035244916,0.0
0.050045725,0.0,0.0,0.0,0.10997301,0.035659853,0.0,0.050752744,0.0,0.016514704,0.0,0.109883174,0.035975628,0.0,0.0,0.0,0.0025444375,0.0,0.0,0.039490297,0.017974323,0.0,0.0,0.0,0.0,0.040741634,0.026237026,0.0,0.0,0.021194,0.02921143,0.0047174403,0.0,0.015868247,0.017807074,0.0,0.0,0.016577713,0.018106882,0.023430329,0.02276539,0.035480857,0.035577107,0.005099833,0.0,0.0,0.00032527838,0.0,0.0,0.034619424,0.034427237,0.0
0.045825284,0.0,0.0,0.0,0.1106687,0.035012696,0.0,0.046554606,0.0,0.01784312,0.0,0.11061814,0.03533761,0.0,0.0,0.0,0.0019663381,0.0,0.0,0.036754593,0.01673634,0.0,0.0,0.0,0.0,0.04031829,0.025775291,0.0,0.0,0.020153442,0.02819904,0.004684123,0.0,0.015621014,0.01725666,0.0,0.0,0.013506972,0.015094575,0.021011949,0.020155448,0.03335309,0.03347408,0.0055151563,0.0,0.0,0.00026614964,0.0,0.0,0.03351757,0.033109356,0.0
0.04177523,0.0,0.0,0.0,0.111545265,0.034291375,0.0,0.042517435,0.0,0.017918538,0.0,0.11148874,0.03462737,0.0,0.0,0.0,0.0013252907,0.0,0.0,0.03366544,0.015053409,0.0,0.0,0.0,0.0,0.03964138,0.02498835,0.0,0.0,0.018901875,0.026852544,0.004134573,0.0,0.01503906,0.016597835,0.0,0.0,0.010986963,0.01268406,0.01905911,0.018041352,0.030466136,0.030604262,0.005394336,0.0,0.0,0.00018904009,0.0,0.0,0.03192178,0.031155026,0.0
0.03855421,0.0,0.0,0.0,0.112005524,0.0335245,0.0,0.039306592,0.0,0.016637634,0.0,0.111892544,0.033870205,0.0,0.0,0.0,0.0007585664,0.0,0.0,0.031129636,0.013334967,0.0,0.0,0.0,0.0,0.038287845,0.0235335,0.0,0.0,0.018030468,0.025846737,0.00325849,0.0,0.013691269,0.015568112,0.0,0.0,0.009974193,0.011798418,0.017882304,0.01676992,0.027108688,0.027251441,0.0050802175,0.0,0.0,6.3648215e-05,0.0,0.0,0.030227033,0.029114712,0.0
0.03528756,0.0,0.0,0.0,0.111598395,0.032857124,0.0,0.036049683,0.0,0.014522717,0.0,0.11140704,0.033206873,0.0,0.0,0.0,0.00037882105,0.0,0.0,0.02969392,0.011469399,0.0,0.0,0.0,0.0,0.036374044,0.0216133,0.0,0.0,0.017669164,0.025413023,0.0024245651,0.0,0.011572042,0.014089948,0.0,0.0,0.010208366,0.012104104,0.017211057,0.016040467,0.023920286,0.024054844,0.0047279634,0.0,0.0,0.0,0.0,0.0,0.028648019,0.027253017,0.0
0.032494493,0.0,0.0,0.0,0.11082291,0.032392964,0.0,0.03326019,0.0,0.0118351765,0.0,0.11055213,0.032737743,0.0,0.0,0.0,0.00023989473,0.0,0.0,0.030044928,0.009841845,0.0,0.0,0.0,0.0,0.03396921,0.019274019,0.0,0.0,0.017946333,0.02574559,0.0016554845,0.0,0.008824058,0.012250428,0.0,0.0,0.011448516,0.013338583,0.01685125,0.015640778,0.021171119,0.02128914,0.004542744,0.0,0.0,0.0,0.0,0.0,0.027030908,0.02543636,0.0
0.029161654,0.0,0.0,0.0,0.111878335,0.03228473,0.0,0.029929042,0.0,0.010278886,0.0,0.111537874,0.032613613,0.0,0.0,0.0,0.00044612354,0.0,0.0,0.032973487,0.008605393,0.0,0.0,0.0,0.0,0.03129478,0.01672583,0.0,0.0,0.019050175,0.027131073,0.00095705595,0.0,0.005571547,0.010210305,0.0,0.0,0.01413662,0.015919382,0.016984284,0.015775753,0.018764785,0.018850591,0.0044572055,0.0,0.0,0.0,0.0,0.0,0.02500286,0.023363005,0.0
0.025733434,0.0,0.0,0.0,0.11514884,0.032566644,0.0,0.026496172,0.0,0.010180793,0.0,0.11474541,0.03287131,0.0,0.0,0.0,0.0010306737,0.0,0.0,0.038920242,0.008167457,0.0,0.0,0.0,0.0,0.0285865,0.014130405,0.0,0.0,0.021045748,0.029710084,0.00018891227,0.0,0.00243063,0.008415271,0.0,0.0,0.01849826,0.020139726,0.01806055,0.016931102,0.017468208,0.017511372,0.004417928,0.0,0.0,0.0,0.0,0.0,0.02318947,0.02167328,0.0
0.022320561,0.0,0.0010784306,0.0,0.11970147,0.033150945,0.0,0.023062132,0.0,0.011076686,0.0,0.11923371,0.033428565,0.0,0.0,0.0,0.0019389656,0.0002786517,0.0,0.0469103,0.008068415,0.0,0.0,0.0,0.0,0.026294567,0.011924073,0.0,0.0,0.023672698,0.033242192,0.0,0.0,0.0,0.007229669,0.0,0.0,0.024022365,0.025556868,0.020086918,0.019091297,0.01748304,0.017482888,0.0043254476,0.0,0.0,0.0,0.0,0.0,0.022063565,0.020710677,0.0
0.020207271,0.0,0.0002135709,0.0,0.12443332,0.033911068,0.0,0.020904228,0.0,0.0113117155,0.0,0.12391336,0.03416395,0.0,0.0,0.0,0.0030350669,0.0027747173,0.0,0.055461816,0.008048649,0.0,0.0,0.0,0.0,0.024741344,0.010459905,0.0,0.0,0.02652366,0.037204955,0.0,0.0,0.0,0.0068212817,0.0,0.0,0.029777175,0.031281468,0.022750106,0.021888265,0.018568082,0.018534884,0.0040167645,0.0,0.0,0.0,0.0,0.0,0.021514464,0.020291531,0.0
0.01871676,0.0,0.0,0.0,0.12951246,0.03461705,0.0,0.019352674,0.0,0.010577869,0.0,0.12895215,0.03485037,0.0,0.0,0.0,0.00423155,0.005244662,0.0,0.06380756,0.008177698,0.0,0.0,0.0,0.0,0.0240647,0.0098952735,0.0,0.0,0.0293673,0.041239813,0.0,0.0,0.0,0.0070109027,0.0,0.0,0.03566371,0.037198517,0.025752043,0.024993408,0.019929254,0.019878794,0.0035094172,0.0,0.0,0.0,0.0,0.0,0.021047886,0.019867104,0.0
0.016905583,0.0,0.0,0.0,0.134615,0.035137244,0.0,0.017473713,0.0,0.009434879,0.0,0.13401625,0.035356924,0.0,0.0,0.0,0.0055298996,0.008299689,0.0,0.07210275,0.008231137,0.0,0.0,0.0,0.0,0.024163794,0.010095663,0.0,0.0,0.03230921,0.045376446,0.0,0.0,0.0,0.0073669283,0.0,0.0,0.042500068,0.044094097,0.02932306,0.028675701,0.02104772,0.020990988,0.0028294455,0.0,0.0,0.0,0.0,0.0,0.020617187,0.019429812,0.0
0.016729675,0.0,0.0,0.0,0.13747962,0.035460405,0.0,0.017218806,0.0,0.006479228,0.0,0.13685744,0.03567273,0.0,0.0,0.0,0.006867123,0.011549987,0.0,0.07994683,0.008279694,0.0,0.0,0.0,0.0,0.025123607,0.011211911,0.0,0.0,0.035233542,0.049388036,0.0,0.0,0.0,0.0077388445,0.0,0.0,0.049479973,0.051160038,0.03307139,0.032521944,0.022614164,0.022564773,0.0020861365,0.0,0.0,0.0,0.0,0.0,0.020660251,0.019449074,0.0
0.0180327,0.0,0.0,0.0,0.13743496,0.035420768,0.0,0.018434174,0.0,0.0013421793,0.0,0.1368003,0.035631366,0.0,0.0,0.0,0.008138891,0.014247757,0.0,0.08672404,0.008008644,0.0,0.0,0.0,0.0,0.026867786,0.013133286,0.0,0.0,0.03791346,0.052918438,0.0,0.0,0.0,0.008137882,0.0,0.0,0.055853225,0.05762047,0.0368448,0.036374353,0.02438263,0.024357699,0.0013451781,0.0,0.0,0.0,0.0,0.0,0.021303663,0.020042703,0.0
0.021965139,0.0,0.0,0.0,0.1354446,0.03500142,0.0,0.022277072,0.0,0.0,0.0,0.1348386,0.03521158,0.0,0.0,0.0,0.009277971,0.016528146,0.0,0.09263243,0.007832158,0.0,0.0,0.0,0.0,0.028930597,0.015486473,0.0,0.0,0.040397875,0.055959746,0.0,0.0,0.0,0.008298683,0.0,0.0,0.061424684,0.06322426,0.04043996,0.040049475,0.025817169,0.025819644,0.00059582293,0.0,0.0,0.0,0.0,0.0,0.02186814,0.02065315,0.0
0.025718078,0.0,0.0056070536,0.0,0.13301209,0.034239247,0.0,0.025957964,0.0,0.0,0.0,0.13245545,0.0344466,0.0,0.0,0.0,0.010321902,0.01849775,0.0,0.09774946,0.0075549474,0.0,0.0,0.0,0.0,0.030979823,0.017782804,0.0,0.0,0.042613104,0.058536444,0.0,0.0,0.0,0.0082511455,0.0,0.0,0.06640218,0.06818523,0.04380825,0.04350724,0.026563386,0.026599873,0.0,0.0,0.0,0.0,0.0,0.0,0.022057045,0.020880869,0.0
0.029026017,0.0,0.012612436,0.0,0.12996753,0.033303767,0.0,0.029214874,0.0,0.0,0.0,0.12949795,0.033503298,0.0,0.00094277237,0.0,0.011315281,0.020221295,0.0,0.10288885,0.0072552636,0.0,0.0,0.0,0.0,0.032912172,0.019926533,0.0,0.0,0.044711366,0.06087766,0.0,0.0,0.0,0.008068237,0.0,0.0,0.071229,0.072936624,0.047313698,0.04715904,0.026727727,0.02679551,0.0,0.0,0.0,0.0,0.0,0.0,0.022221178,0.02110173,0.0
0.030196212,0.0,0.01901812,0.0,0.12800106,0.03232651,0.0,0.03035552,0.0,0.0,0.004240915,0.12763247,0.0325132,0.0,0.0020142747,0.0,0.012301976,0.022081528,0.0,0.10836297,0.0068315975,0.0,0.0,0.0,0.0,0.034808338,0.021961806,0.0,0.0,0.046941683,0.06335605,0.0,0.0,0.0,0.0078783315,0.0,0.0,0.07620083,0.07778049,0.051025763,0.05107928,0.026248958,0.026341982,0.0,0.0,0.0,0.0,0.0,0.0,0.022496209,0.021468144,0.0
0.029684879,0.0,0.023947857,0.0,0.12590292,0.03146307,0.0,0.029821947,0.0,0.0,0.008815775,0.12564215,0.03163403,0.0,0.0030125862,0.0,0.013278859,0.023843527,0.0,0.11412337,0.005735021,0.0,0.0,0.0,0.0,0.036633715,0.023861226,0.0,0.0,0.049210835,0.06594446,0.0,0.0,0.0,0.007727777,0.0,0.0,0.08141488,0.08287389,0.05499427,0.05530949,0.025263967,0.02537262,0.0002582539,0.0,0.0,0.0,0.0,0.0,0.023127234,0.022130119,0.0
0.028603517,0.0,0.027292479,0.0,0.124948144,0.030871708,0.0,0.028715618,0.0,0.0,0.011977756,0.12477883,0.03102544,0.0,0.0039154845,0.0,0.014210407,0.025698073,0.0,0.12006429,0.0040987357,0.0,0.0,0.0,0.0,0.03830591,0.02558969,0.0,0.0,0.051657274,0.06879909,0.0,0.0,0.0,0.0075134467,0.0,0.0,0.086776644,0.08814045,0.0589465,0.059510607,0.023816183,0.02393447,0.0010462608,0.0,0.0,0.0,0.0,0.0,0.02361275,0.02260175,0.0
0.027930245,0.0,0.029150788,0.0,0.12309851,0.030629061,0.0,0.028008394,0.0,0.0,0.013801267,0.123004906,0.030767731,0.0,0.00465835,0.0,0.015083235,0.027004033,0.0,0.12513453,0.0014974009,0.0,0.0,0.0,0.0,0.03996196,0.027296994,0.0,0.0,0.053754292,0.07135876,0.0,0.0,0.0,0.007381003,0.0,0.0,0.09143809,0.09279582,0.06244748,0.06319411,0.022362879,0.022492094,0.001577938,0.0,0.0,0.0,0.0,0.0,0.023952462,0.022733137,0.0
0.028087288,0.0,0.03043221,0.0,0.12161386,0.030590668,0.0,0.028128728,0.0,0.0,0.015288051,0.12156399,0.030717477,0.0,0.005286739,0.0,0.015847214,0.028203592,0.0,0.12955663,0.0,0.0,0.0,0.0,0.0,0.0414258,0.028905548,0.0,0.0,0.055633407,0.07363558,0.0,0.0,0.0,0.007190332,0.0,0.0,0.09532009,0.09671298,0.06554602,0.066414565,0.020735761,0.020881776,0.0018443502,0.0,0.0,0.0,0.0,0.0,0.024000065,0.022513673,0.0
0.028535768,0.0,0.032126017,0.0,0.12025745,0.030636968,0.0,0.028545775,0.0,0.0,0.017336894,0.12020676,0.030757515,0.0,0.00588709,0.0,0.016485658,0.029242618,0.0,0.13258272,0.0,0.0,0.0,0.0,0.0,0.04262502,0.030351236,0.0,0.0,0.057146747,0.07543844,0.0,0.0,0.0,0.0070330817,0.0,0.0,0.09807266,0.09954851,0.068063214,0.06900622,0.019429848,0.019606225,0.0018181726,0.0,0.0,0.0,0.0,0.0,0.023974858,0.022149753,0.0
0.030760355,0.0,0.034350146,0.0,0.11641956,0.030671865,0.0,0.030742854,0.0,0.0,0.020057093,0.11637502,0.03079324,0.0,0.006350591,0.0,0.016929656,0.029412169,0.0,0.1334813,0.0,0.0,0.0,0.0,0.0,0.04355266,0.03178329,0.0,0.0,0.057951804,0.0763151,0.0,0.0,0.0,0.006917247,0.0,0.0,0.09868542,0.10028647,0.0695944,0.07053868,0.01896001,0.019181464,0.0013699997,0.0,0.0,0.0,0.0,0.0,0.024124682,0.021864682,0.0
0.033156224,0.0,0.037534148,0.0,0.11177249,0.030391278,0.0,0.03312491,0.0,0.0,0.023789328,0.1117584,0.03051869,0.0,0.0066155903,0.0,0.01709174,0.029136606,0.0,0.1326353,0.0,0.0,0.0,0.0,0.0,0.04406798,0.033005506,0.0,0.0,0.05800943,0.076151915,0.0,0.0,0.0,0.0066856034,0.0,0.0,0.09731674,0.099021494,0.07014333,0.071083024,0.018673146,0.018946525,0.0005723424,0.0,0.0,0.0,0.0,0.0,0.02430781,0.021629462,0.0
0.035887226,0.0,0.040881947,0.0,0.10572253,0.029753165,0.0,0.03586281,0.0,0.0,0.027583495,0.1057774,0.029889481,0.0,0.006574177,0.0,0.016896637,0.028334754,0.0,0.12989709,0.0,0.0,0.0,0.0,0.0,0.044107847,0.034015477,0.0,0.0,0.057126716,0.0747769,0.0,0.0,0.0,0.0063236225,0.0,0.0,0.09390614,0.095690295,0.069373116,0.07031493,0.018435013,0.018757205,0.0,0.0,0.0,0.0,0.0,0.0,0.024149312,0.021071736,0.0
0.037714437,0.0,0.04336274,0.0,0.100299194,0.028666368,0.0,0.0377341,0.0,0.0,0.030453019,0.10040243,0.028809853,0.0,0.0062839966,0.0,0.016372746,0.027605703,0.0,0.12639129,0.0,0.0,0.0,0.0,0.0,0.043613575,0.03451342,0.0,0.0,0.055894732,0.072868936,0.0,0.0,0.0,0.005903537,0.0,0.0,0.0899154,0.09171887,0.06799824,0.06898871,0.018029643,0.018403262,0.0,0.0,0.0,0.0,0.0,0.0,0.023813853,0.020452168,0.0
0.038728803,0.0,0.044605594,0.0,0.09511815,0.027498728,0.0,0.038823582,0.0,0.0011612028,0.03206082,0.095239386,0.027644493,0.0,0.0058281515,0.0,0.015706936,0.026725732,0.0,0.12246902,0.0,0.0,0.0,0.0,0.0,0.04300597,0.034849606,0.0,0.0,0.054688513,0.070971176,0.0,0.0,0.0,0.0056099757,0.0,0.0,0.08599295,0.08774522,0.06634342,0.06741692,0.018568063,0.018981507,0.0,0.0,0.0,0.0,0.0,0.0,0.023490809,0.019974167,0.0
0.038909145,0.0,0.044570707,0.0,0.08971437,0.026406458,0.0,0.03908182,0.0,0.0074294545,0.032394804,0.08982651,0.026547726,0.0,0.0052030776,0.0,0.015088225,0.02574221,0.0,0.1194507,0.0,0.0,0.0,0.0,0.0,0.042555165,0.035041474,0.0,0.0,0.053724367,0.0694023,0.0,0.0,0.0,0.0054554134,0.0,0.0,0.08300039,0.08463276,0.06497472,0.06613807,0.020287886,0.020725165,0.0,0.0,0.0,0.0,0.0,0.0,0.023450129,0.01987378,0.0
0.03876537,0.0,0.044477753,0.0,0.08493977,0.02543651,0.0,0.038999163,0.0,0.015193198,0.032704502,0.08499014,0.025564862,0.0,0.004626874,0.0,0.014641175,0.025323028,0.0,0.11902553,0.0,0.0,0.0,0.0,0.0,0.04180672,0.034565825,0.0,0.0,0.053587884,0.06878519,0.0,0.0,0.0,0.005469097,0.0,0.0,0.082334444,0.08374584,0.06470118,0.06595545,0.023420528,0.02386828,0.0,0.0,0.0,0.0,0.0,0.0,0.023779172,0.020319909,0.0
0.03915427,0.0,0.044338595,0.0,0.08082688,0.024674753,0.0,0.039421942,0.0,0.02315132,0.032962207,0.080800384,0.024782384,0.0,0.0041479813,0.0,0.014469877,0.02525378,0.0,0.121010795,0.0,0.0,0.0,0.0,0.0,0.04107198,0.03383995,0.0,0.0,0.054401647,0.06934754,0.0,0.0,0.0,0.0058700047,0.0,0.0,0.08367202,0.084766425,0.06532377,0.06665456,0.027344784,0.027787728,0.00075056404,0.0,0.0,0.0,0.0,0.0,0.024623431,0.021488842,0.0
0.03777953,0.0,0.045737065,0.0,0.08077052,0.023865655,0.0,0.03806081,0.0,0.033198,0.034602992,0.08062787,0.023943804,0.0,0.003979819,0.0,0.014596794,0.026488893,0.0,0.12566191,0.0,0.0,0.0,0.0,0.0,0.04064686,0.0330197,0.0,0.0,0.056362294,0.071351536,0.0,0.0,0.0,0.006601927,0.0,0.0,0.08749828,0.08819613,0.06719411,0.06863679,0.029978203,0.030411584,0.0029830914,0.0,0.0,0.0,0.0,0.0,0.025730697,0.023028957,0.0
0.035372674,0.0,0.05042236,0.0,0.0854777,0.023153394,0.0,0.035641037,0.0,0.04398042,0.039033152,0.085165575,0.023194227,0.0,0.004126573,0.0,0.014959905,0.028812476,0.0,0.13202673,0.0,0.0,0.0,0.0,0.0,0.040965118,0.032627627,0.0,0.0,0.0590835,0.07445213,0.0,0.0,0.0,0.007552019,0.0,0.0,0.093146935,0.09343751,0.06972351,0.07129417,0.030412318,0.03083823,0.005905777,0.0,0.0,0.0,0.0,0.0,0.02651907,0.024159696,0.0
0.033200838,0.0,0.057910696,0.009931322,0.09240395,0.022517372,0.0,0.033427924,0.0,0.052468956,0.045583352,0.091845244,0.022514481,0.0,0.0045098914,0.0,0.015483519,0.031669,0.0,0.13940826,0.0,0.0,0.0,0.0,0.0,0.04196588,0.032543045,0.0,0.0,0.062125262,0.07816748,0.0,0.0,0.0,0.00859217,0.0,0.0,0.1001306,0.10008834,0.07259148,0.07422273,0.028444704,0.028890569,0.008934796,0.0,0.0,0.0,0.0,0.0,0.027086958,0.024690498,0.0
0.032602407,0.0,0.064343944,0.0143861845,0.09804401,0.022272978,0.0,0.03276386,0.0,0.05504641,0.050732933,0.0972191,0.022225767,0.0,0.00502955,0.0,0.016146563,0.033893332,0.0,0.14604047,0.0,0.0,0.0,0.0,0.0,0.043531355,0.033070154,0.0,0.0,0.06496638,0.081926264,0.0,0.0,0.0,0.009652858,0.0,0.0,0.106573194,0.106300384,0.074738696,0.07620188,0.02513746,0.025630819,0.01094811,0.0,0.0,0.0,0.0,0.0,0.027106531,0.024252111,0.0
0.030603684,0.0,0.0661125,0.0138276145,0.101350494,0.022364197,0.0,0.03066305,0.0,0.053867362,0.051411696,0.10035608,0.022281148,0.0,0.005756207,0.0,0.01701353,0.03611837,0.0,0.15141821,0.0,0.0,0.0,0.0,0.0,0.04583362,0.034456853,0.0,0.0,0.06726537,0.08531119,0.0,0.0,0.0,0.010304085,0.0,0.0,0.11167628,0.11126338,0.076093376,0.07719892,0.019727439,0.020269666,0.011790743,0.0,0.0,0.0,0.0,0.0,0.026634341,0.022973923,0.0
0.026883438,0.0,0.06399902,0.011438996,0.103101134,0.022626312,0.0,0.02679836,0.0,0.051927716,0.048906863,0.10204145,0.022527026,0.0,0.00704764,0.0,0.017975092,0.03953818,0.0,0.15665495,0.0,0.0,0.0,0.0,0.0,0.04847207,0.036400393,0.0,0.0,0.06943383,0.0884665,0.0,0.0,0.0,0.010296727,0.0,0.0,0.116720155,0.116236135,0.07796295,0.07871874,0.01401687,0.014594993,0.011747722,0.0,0.0,0.0,8.705538e-05,0.0,0.026287075,0.021847647,0.0
0.024939463,0.0,0.05937459,0.007053666,0.100966096,0.022840222,0.0,0.024695262,0.0,0.048821755,0.044605117,0.09996296,0.02274866,0.0,0.008982739,0.0,0.018855361,0.043619424,0.0,0.16180328,0.0,0.0,0.0,0.0,0.0,0.050734237,0.038409337,0.0,0.0,0.07139472,0.09114437,0.0,0.0,0.0,0.009916745,0.0,0.0,0.12192792,0.12149099,0.08086015,0.08140184,0.010156082,0.010746712,0.01108505,0.0,0.0,0.0,0.0005856664,0.0,0.026536379,0.021555819,0.0
0.02531965,0.0,0.052894622,0.002832085,0.09533566,0.022583863,0.0,0.024953634,0.0,0.046342507,0.03910919,0.094474785,0.022519227,0.0,0.011416807,0.0,0.019544026,0.047422554,0.0,0.16670348,0.0,0.0,0.0,0.0,0.0,0.052315067,0.04019466,0.0,0.00043025147,0.07312386,0.09326327,0.0,0.0,0.0,0.009606483,0.0,0.0,0.1269925,0.12668072,0.08496698,0.0854891,0.009202234,0.00979789,0.010189101,0.0,0.0,0.0,0.00074343896,0.0,0.027462997,0.022295937,0.0
0.02756834,0.0,0.04531581,0.00041166693,0.088417195,0.021768585,0.0,0.027143054,0.0,0.045941323,0.032840695,0.087762356,0.021739772,0.0,0.013777216,0.0,0.020027665,0.04997471,0.0,0.17050524,0.0,0.0,0.0,0.0,0.0,0.05300906,0.04148943,0.0,0.00093427533,0.074185446,0.09443937,0.0,0.0,0.0,0.009385065,0.0,0.0,0.1305177,0.1303792,0.08898026,0.08965197,0.010004908,0.010587927,0.0092492625,0.0,0.0,0.0,0.00044425717,0.0,0.02821908,0.023212655,0.0
0.030047178,0.0,0.037301216,0.0033191442,0.08417599,0.02031491,0.0,0.029615574,0.0,0.050692163,0.026114572,0.08370731,0.020317739,0.0,0.015537691,0.0,0.020310953,0.051590938,0.0,0.17298983,0.0,0.0,0.0,0.0,0.0,0.05336193,0.04244131,0.0,0.0008951081,0.07473673,0.09488092,0.0,0.0,0.0,0.008877726,0.0,0.0,0.13239516,0.13243693,0.092109896,0.09305999,0.009856874,0.010423449,0.008809391,0.0,0.0,0.0,0.0,0.0,0.027941005,0.023232145,0.0
0.034537844,0.0,0.030084047,0.007982824,0.08096161,0.018538592,0.0,0.034131855,0.0,0.056948908,0.019879753,0.08061544,0.018563112,0.0,0.016556788,0.0,0.020332022,0.052149866,0.0,0.17404479,0.0,0.0,0.0,0.0,0.0,0.053572692,0.043152124,0.0,0.00043005263,0.07498023,0.09480363,0.0,0.0,0.0,0.008409368,0.0,0.0,0.13269128,0.13292566,0.09404367,0.09529948,0.009618254,0.010182433,0.0084731355,0.0,0.0,0.0,0.0,0.0,0.027240315,0.022785464,0.0
0.03955584,0.0,0.024337184,0.012974147,0.078824975,0.016939878,0.0,0.03918954,0.0,0.06324152,0.014853608,0.07851908,0.016975023,0.0,0.016899012,0.0,0.020187475,0.05191085,0.0,0.17334813,0.0,0.0,0.0,0.0,0.0,0.053405482,0.043326437,0.0,0.0,0.075058274,0.09443928,0.0,0.0,0.0,0.008101749,0.0,0.0,0.13157201,0.1319677,0.094642,0.096140936,0.00942016,0.010003615,0.008482691,0.0,0.0,0.0,0.0,0.0,0.026646253,0.022276482,0.0
0.04183287,0.0,0.021343328,0.018432148,0.07952082,0.0159279,0.0,0.041510552,0.0,0.069611065,0.01234784,0.07918825,0.015965162,0.0,0.01664117,0.0,0.019935101,0.050583754,0.0,0.17101824,0.0,0.0,0.0,0.0,0.0,0.053437494,0.04350269,0.0,0.0,0.07466646,0.09354224,0.0,0.0,0.0,0.007990669,0.0,0.0,0.12884243,0.12932578,0.09388256,0.095530614,0.009266926,0.009876518,0.008596424,0.0,0.0,0.0,0.0,0.0,0.026204366,0.021747187,0.0
0.042415157,0.0,0.021217383,0.022624128,0.083331056,0.015600698,0.0,0.042118043,0.0,0.07440818,0.012344379,0.082922585,0.01563518,0.0,0.01583334,0.0,0.019634034,0.048396587,0.0,0.16784391,0.0,0.0,0.0,0.0,0.0,0.053333443,0.043331265,0.0,0.0,0.07353845,0.09192033,0.0,0.0,0.0,0.007844949,0.0,0.0,0.12482741,0.12540832,0.09193375,0.09363262,0.008037047,0.008665683,0.008550992,0.0,0.0,0.0,0.0,0.0,0.025629,0.020925505,0.0
0.041411497,0.0,0.023382053,0.02504516,0.089856386,0.015943717,0.0,0.041114084,0.0,0.0771378,0.014277082,0.08933449,0.01597386,0.0,0.014733815,0.0,0.019273639,0.045465443,0.0,0.16418195,0.0,0.0,0.0,0.0,0.0,0.05357902,0.043378603,0.0,0.0,0.071753085,0.089677304,0.0,0.0,0.0,0.007706494,0.0,0.0,0.11992903,0.1206295,0.08941007,0.09109309,0.005444729,0.0060851546,0.008120742,0.0,0.0,0.0,0.0,0.0,0.024901051,0.019799652,0.0
0.040076576,0.0,0.027088098,0.024298754,0.09766788,0.016882326,0.0,0.039754547,0.0,0.07654475,0.01739619,0.096994355,0.016910948,0.0,0.013569095,0.0,0.018885912,0.04222895,0.0,0.16013792,0.0,0.0,0.0,0.0,0.0,0.053797096,0.0433751,0.0,0.0,0.06948099,0.087012514,0.0,0.0,0.0,0.007622611,0.0,0.0,0.11460914,0.11548134,0.086577356,0.08817729,0.0020910176,0.0027429229,0.007346472,0.0,0.0,0.0,0.0,0.0,0.024244739,0.018614369,0.0
0.03779567,0.0,0.031656437,0.021654025,0.10798988,0.018312361,0.0,0.037438735,0.0,0.073926374,0.021209098,0.10710934,0.018342372,0.0,0.012581575,0.0,0.018484939,0.039329097,0.0,0.15565436,0.0,0.0,0.0,0.0,0.0,0.05385901,0.04331662,0.0,0.0,0.067307964,0.084523275,0.0,0.0,0.0,0.0074606063,0.0,0.0,0.10953867,0.11057798,0.08375292,0.085202165,0.0,0.0,0.006675152,0.0,0.0,0.0,0.0,0.0,0.023331773,0.017096981,0.0
0.034610897,0.0,0.035361186,0.017609417,0.11990075,0.020256791,0.0,0.03421738,0.0,0.07004827,0.02402839,0.118799336,0.020291118,0.0,0.011793336,0.0,0.018131392,0.03664293,0.0,0.15051243,0.0,0.0,0.0,0.0,0.0,0.054111276,0.043511815,0.0,0.0,0.06519766,0.08223745,0.0,0.0,0.0,0.007321685,0.0,0.0,0.10472208,0.10593161,0.08079768,0.08202417,0.0,0.0,0.006025154,0.0,0.0,0.0,0.0,0.0,0.022084907,0.015154764,0.0
0.032834247,0.0,0.034472235,0.010528278,0.12968388,0.022582984,0.0,0.0323992,0.0,0.06395076,0.022415306,0.12841527,0.022625858,0.0,0.0113646565,0.0,0.017892417,0.034533445,0.0,0.14543557,0.0,0.0,0.0,0.0,0.0,0.053915933,0.043418337,0.0,0.0,0.06337382,0.08040254,0.0,0.0,0.0,0.007200145,0.0,0.0,0.100701675,0.102126285,0.07817766,0.07912499,0.0,0.0,0.0051408317,0.0,0.0,0.0,0.0,0.0,0.02107351,0.01342383,0.0
0.028274894,0.0,0.027871005,0.0065488704,0.14004245,0.025001965,0.0,0.027821764,0.0,0.0616996,0.015580237,0.13867848,0.025056608,0.0,0.011310361,0.0,0.017883925,0.03326817,0.0,0.14100412,0.0,0.0,0.0,0.0,0.0,0.05407931,0.04361069,0.0,0.0,0.061803512,0.0790409,0.0,0.0,0.0,0.007176452,0.0,0.0,0.09753585,0.099190325,0.07607967,0.076778494,0.0,0.0,0.0045489287,0.0,0.0,0.0,0.0,0.0,0.020328226,0.012074864,0.0
0.022732496,0.0,0.016073212,0.0068428293,0.15193722,0.02724034,0.0,0.022302866,0.0,0.06442879,0.004073404,0.15052298,0.027310438,0.0,0.011660243,0.0,0.018019225,0.0330423,0.0,0.13828501,0.0,0.0,0.0,0.0,0.0,0.05406034,0.043621317,0.0,0.0,0.060709,0.078352764,0.0,0.0,0.0,0.0070979167,0.0,0.0,0.09576081,0.09769295,0.07455221,0.07506593,0.0,0.0,0.0043687047,0.0,0.0,0.0,0.0,0.0,0.019364389,0.010791257,0.0
0.015702821,0.0,0.0016294867,0.01309349,0.16644433,0.029124914,0.0,0.015340008,0.0,0.073329344,0.0,0.16491853,0.029212397,0.0,0.0124101695,0.0,0.018193165,0.033687096,0.0,0.13775781,0.0,0.0,0.0,0.0,0.0,0.05426161,0.043586683,0.0,0.0,0.060154766,0.07834147,0.0,0.0,0.0,0.0070958748,0.0,0.0,0.09591813,0.098158315,0.07422798,0.07471691,0.0,0.0,0.004723573,0.0,0.0,0.0,0.0,0.0,0.018594218,0.00996414,0.0
0.010686591,0.0,0.0,0.020397473,0.18048301,0.031079339,0.0,0.010398857,0.0,0.08364673,0.0,0.17882928,0.031185914,0.0,0.013246943,0.0,0.018365972,0.034254365,0.0,0.1385368,0.0,0.0,0.0,0.0,0.0,0.0546576,0.04376429,0.0,0.0,0.060088065,0.07890742,0.0,0.0,0.0,0.0071388087,0.0,0.0,0.09664287,0.09918378,0.07410063,0.07458947,0.0,0.0,0.0051844846,0.0,0.0,0.0,0.0,0.0,0.017637488,0.00900339,0.0
0.0074769333,0.0,0.0,0.027339246,0.1930649,0.033117127,0.0,0.00725165,0.0,0.0936757,0.0,0.19128224,0.033243045,0.0,0.013956153,0.0,0.018533608,0.03496506,0.0,0.14043568,0.0,0.0,0.0,0.0,0.0,0.054816533,0.043639388,0.0,0.0,0.06056665,0.079982236,0.0,0.0,0.0,0.0071920278,0.0,0.0,0.097488105,0.100248255,0.07402846,0.074520856,0.0,0.0,0.0055663083,0.0,0.0,0.0,0.0,0.0,0.01701035,0.008426465,0.0
0.002946809,0.0,0.0,0.03584732,0.20655137,0.03511309,0.0,0.0027734637,0.0,0.104791105,0.0,0.20461638,0.03525679,0.0,0.014296568,0.0,0.018704208,0.035673663,0.0,0.14247404,0.0,0.0,0.0,0.0,0.0,0.05526848,0.04368682,0.0,0.0,0.061463267,0.081422895,0.0,0.0,0.0,0.007258929,0.0,0.0,0.09767113,0.100503474,0.073340066,0.07379227,0.0,0.0,0.006134268,0.0,0.0,0.0,0.0,0.0,0.016056882,0.007523503,0.0
0.0,0.0,0.0,0.04206387,0.21682155,0.03699772,0.0,0.0,0.0,0.113249496,0.0,0.21476364,0.037159406,0.0,0.014326107,0.0,0.018812418,0.03628012,0.0,0.14481212,0.0,0.0,0.0,0.0,0.0,0.055334494,0.043412477,0.0,0.0,0.062401354,0.08277582,0.0,0.0,0.0,0.007351253,0.0,0.0,0.09721122,0.10002208,0.07214902,0.07252518,0.0,0.0,0.0062868074,0.0,0.0,0.0,0.0,0.0,0.015179636,0.006675318,0.0
0.0,0.0,0.0,0.046612978,0.22357719,0.038483165,0.0,0.0,0.0,0.11931088,0.0,0.22141643,0.03866291,0.0,0.014135258,0.0,0.018864507,0.03695177,0.0,0.14725694,0.00014396384,0.0,0.0,0.0,0.0,0.05505711,0.042908646,0.0,0.0,0.06329575,0.08394244,0.0,0.0,0.0,0.007522059,0.0,0.0,0.096322626,0.09900229,0.07078035,0.071080886,0.0,0.00059051067,0.0062605664,0.0,0.0,0.0,0.0,0.0,0.014662858,0.0062497742,0.0
0.0,0.0,0.0,0.04776413,0.2253079,0.03958588,0.0,0.0,0.0,0.12143622,0.0,0.22316301,0.039783493,0.0,0.013803339,0.0,0.01886803,0.037641652,0.0,0.14939311,0.0010938868,0.0,0.0,0.0,0.0,0.054028332,0.041990478,0.0,0.0,0.063961945,0.08474256,0.0,0.0,0.0,0.0077091646,0.0,0.0,0.09478444,0.09724219,0.06886043,0.06905427,0.0025989544,0.0032031015,0.005897944,0.0,0.0,0.0,0.0,0.0,0.014233733,0.006176248,0.0
0.0,0.0,0.0,0.049670774,0.22578448,0.039884076,0.0,0.0,0.0,0.12338836,0.0,0.22365311,0.040098224,2.4039298e-05,0.013527991,0.0,0.018849906,0.0389297,0.0,0.15126628,0.002317845,0.0,0.0,0.0,0.0,0.052883357,0.040994268,0.0,0.0,0.06427358,0.08511935,0.0,0.0,0.0,0.007957896,0.0,0.0,0.09355515,0.095769726,0.06715151,0.06733526,0.004499063,0.005064942,0.0056636995,0.0,0.0,0.0,0.0,0.0,0.013901839,0.006490223,0.0
0.0,0.0,0.0,0.05139272,0.22492476,0.039597936,0.001465711,0.0,0.0,0.12471276,0.0,0.22276607,0.039828047,0.0034560186,0.013508873,0.0,0.018795788,0.040339515,0.0,0.15297347,0.0036684293,0.0,0.0,0.0,0.0,0.052078787,0.040490914,0.0,0.0,0.06430386,0.08516693,0.0,0.0,0.0,0.008281469,0.0,0.0,0.09304086,0.09507789,0.06605739,0.06630882,0.0060057566,0.006536044,0.005565772,0.0,0.0,0.0,0.0,0.0,0.013450945,0.0067781135,0.0
0.0,0.0,0.0,0.050968487,0.22065184,0.038961437,0.0034559732,0.0,0.0,0.12377749,0.0,0.21850339,0.039205335,0.00531187,0.013670899,0.0,0.018757207,0.041285943,0.0,0.15442963,0.005162387,0.0,0.0,0.0,0.0,0.051509008,0.040354054,0.0,0.0,0.06404711,0.08484082,0.0,0.0,0.0,0.008718959,0.0,0.0,0.09286919,0.09482518,0.06557016,0.0659145,0.0073661422,0.007874109,0.005593706,0.0,0.0,0.0,0.0,0.0,0.013337789,0.0073089674,0.0
0.0,0.0,0.0,0.049493376,0.21414565,0.037901208,0.004341899,0.0,0.0,0.12155573,0.0,0.21205622,0.038153384,0.006084981,0.013931105,0.0,0.018727578,0.04170528,0.0,0.15562433,0.0062391926,0.0,0.0,0.0,0.0,0.05111935,0.040480338,0.0,0.0,0.063788205,0.08440046,0.0,0.0,0.0,0.009119382,0.0,0.0,0.09303966,0.094925806,0.06591446,0.06640004,0.008146108,0.008639681,0.00594116,0.0,0.0,0.0,0.0,0.0,0.013781656,0.008316364,0.0
0.0,0.0,0.0,0.046858884,0.20548356,0.0366283,0.0033500763,0.0,0.0,0.11825871,0.0,0.20359118,0.036884706,0.005014064,0.014125623,0.0,0.018720405,0.041098855,0.0,0.15589066,0.006935834,0.0,0.0,0.0,0.0,0.050840147,0.04075865,0.0,0.0,0.06334781,0.08372335,0.0,0.0,0.0,0.009579148,0.0,0.0,0.092573345,0.09440421,0.06634095,0.06693499,0.008957589,0.009442346,0.0061644986,0.0,0.0,0.0,0.0,0.0,0.014600556,0.009642217,0.0
0.0,0.0,0.0,0.04632913,0.19767633,0.03479294,0.0030462146,0.0,0.0,0.11676848,0.0,0.19596061,0.035050392,0.0046150023,0.014315804,0.0,0.01870196,0.04015641,0.0,0.15542516,0.006897663,0.0,0.0,0.0,0.0,0.05070383,0.04094456,0.0,0.0,0.06266573,0.082752824,0.0,0.0,0.0,0.00998417,0.0,0.0,0.09228392,0.0941291,0.06753816,0.06833467,0.008475648,0.008962134,0.0064779352,0.0,0.0,0.0,0.0,0.0,0.01602105,0.011371911,0.0
0.0007993132,0.0,0.0,0.044982705,0.1890386,0.03276868,0.0017295312,0.0009325743,0.0,0.11429882,0.0,0.1874876,0.033026386,0.0032092966,0.014404288,0.0,0.018584687,0.03864681,0.0,0.15408713,0.006507731,0.0,0.0,0.0,0.0,0.050321106,0.040835228,0.0,0.0,0.061840057,0.08150674,0.0,0.0,0.0,0.010214507,0.0,0.0,0.09195219,0.093869984,0.068862975,0.06983614,0.0075137215,0.0080161,0.006675685,0.0,0.0,0.0,0.0,0.0,0.017510056,0.012924075,0.0
0.0033331513,0.0,0.0,0.043795124,0.18068634,0.030466817,0.0004892405,0.003490083,0.0,0.11133321,0.0,0.17924833,0.030717073,0.0018743612,0.014142143,0.0,0.01831272,0.03708223,0.0,0.15213837,0.006083649,0.0,0.0,0.0,0.0,0.04970008,0.040328264,0.0,0.0,0.060963433,0.0799537,0.0,0.0,0.0,0.010046634,0.0,0.0,0.09142132,0.09336932,0.07004738,0.07118279,0.0047002453,0.0052268277,0.0072593,0.0,0.0,0.0,0.0,0.0,0.018685944,0.013891391,0.0
0.006464325,0.0,0.0,0.0418061,0.17115436,0.02822601,0.0,0.006648965,0.0,0.10716349,0.0,0.16985935,0.028460365,0.0,0.013450898,0.0,0.01783661,0.034981437,0.0,0.14960504,0.0054608034,0.0,0.0,0.0,0.0,0.048992172,0.03985758,0.0,0.0,0.060138695,0.07828182,0.0,0.0,0.0,0.009699957,0.0,0.0,0.08987766,0.09172219,0.070443034,0.07166655,0.0013137953,0.0018591634,0.008000946,0.0,0.0,0.0,0.0,0.0,0.019464951,0.0143969,0.0
0.008904114,0.0,0.0,0.040761806,0.1604594,0.026162716,0.0,0.009143434,0.0,0.10379696,0.0,0.15934518,0.026378352,0.0,0.012539491,0.0,0.017281378,0.03258229,0.0,0.14644793,0.004266503,0.0,0.0,0.0,0.0,0.048164904,0.039253764,0.0,0.0,0.059462115,0.07682751,0.0,0.0,0.0,0.00961531,0.0,0.0,0.08754131,0.08923675,0.07035726,0.07164532,0.0,0.0,0.008895852,0.0,0.0,0.0,0.0,0.0,0.020691365,0.015387667,0.0
0.009791933,0.0,0.0068043843,0.040419858,0.14784752,0.024202934,0.0,0.010096483,0.0,0.101039305,0.0,0.14686821,0.024402115,0.0,0.011805655,0.0,0.016722735,0.030639201,0.0,0.14341474,0.0018084062,0.0,0.0,0.0,0.0,0.04694605,0.038227744,0.0,0.0,0.059109822,0.075820796,0.0,0.0,0.0,0.009753814,0.0,0.0,0.08583066,0.087408185,0.0709527,0.07239905,0.0,0.0,0.009786639,0.0,0.0,0.0,0.0,0.0,0.02321413,0.01775436,0.0
0.010545738,0.0,0.015652973,0.039180104,0.13407695,0.022388803,0.0,0.010898724,0.0,0.097248234,0.0044725575,0.13321559,0.02257212,0.0,0.011013469,0.0,0.016172681,0.028919637,0.0,0.14100204,0.0,0.0,0.0,0.0,0.0,0.0457153,0.037363667,0.0,0.0,0.058788486,0.0749096,0.0,0.0,0.0,0.009701905,0.0,0.0,0.08432892,0.085784584,0.07149561,0.073083535,0.0,0.0,0.010419227,0.0,0.0,0.0,0.0,0.0,0.025474563,0.019886924,0.0
0.011317186,0.0,0.025833994,0.0376799,0.12004916,0.020372966,0.0,0.011705056,0.0,0.09288177,0.014518604,0.119284116,0.020536533,0.0,0.010068224,0.0,0.015580818,0.027467243,0.0,0.13975582,0.0,0.0,0.0,0.0,0.0,0.04475283,0.03689076,0.0,0.0,0.05843999,0.07394341,0.0,0.0,0.0,0.009341609,0.0,0.0,0.083087996,0.08438228,0.07208168,0.073810786,0.0,0.0,0.010722227,0.0,0.0,0.0,0.0,0.0,0.027037732,0.021407746,0.0
0.01299651,0.0,0.035747893,0.037307438,0.10790047,0.01836725,0.0,0.013427883,0.0,0.08928036,0.024354123,0.1072433,0.01850737,0.0,0.009021747,0.0,0.014990989,0.02581091,0.0,0.13903761,0.0,0.0,0.0,0.0,0.0,0.04428573,0.037050843,0.0,0.0,0.05839975,0.07340908,0.0,0.0,0.0,0.00906954,0.0,0.0,0.08182964,0.08292391,0.07232104,0.07415947,0.0,0.0,0.011010686,0.0,0.0,0.0,0.0,0.0,0.027710836,0.022267202,0.0
0.016280994,0.0,0.044912793,0.038803734,0.096550554,0.016314233,0.0,0.016766205,0.0,0.08718027,0.03340303,0.095975034,0.016429985,0.0,0.00827406,0.0,0.014591595,0.024546802,0.0,0.13871983,0.0,0.0,0.0,0.0,0.0,0.04391129,0.036875132,0.0,0.0,0.05919414,0.07391188,0.0,0.0,0.0,0.0093689,0.0,0.0,0.08194262,0.08289206,0.073518105,0.0755217,0.0,0.0,0.011791464,0.0,0.0,0.0,0.0,0.0,0.029355451,0.024202595,0.0
0.019545652,0.0,0.054014534,0.040645245,0.08677243,0.014557633,0.0,0.02007851,0.0,0.08515588,0.042276297,0.0862539,0.014645524,0.0,0.0077274814,0.0,0.014418937,0.02361869,0.0,0.13874309,0.0,0.0,0.0,0.0,0.0,0.04382248,0.03669277,0.0,0.0,0.060621247,0.075220615,0.0,0.0,0.0,0.009935507,0.0,0.0,0.08282028,0.08359241,0.07501234,0.07717255,0.0,0.0,0.013149712,0.0,0.0,0.0,0.0,0.0,0.03133423,0.026406148,0.0
0.02128338,0.0008451566,0.0616035,0.04358076,0.078504235,0.012945723,0.0,0.021845832,0.0006883815,0.08433603,0.049537215,0.07803941,0.013002247,0.0,0.007149536,0.0,0.01441095,0.022987332,0.0,0.13921964,0.0,0.0,0.0,0.0,0.0,0.044483565,0.036896832,0.0,0.0,0.062211826,0.07682958,0.0,0.0,0.0,0.010570826,0.0,0.0,0.08373615,0.08428086,0.07625316,0.078512594,0.0,0.0,0.014845047,0.0,0.0,0.0,0.0,0.0,0.033117913,0.028197084,0.0
0.021585695,0.00243536,0.0680269,0.047318187,0.072796814,0.011603256,0.0,0.022168778,0.00228104,0.08479163,0.055653855,0.07234182,0.011627461,0.0,0.0066392394,0.0,0.014415801,0.022719566,0.0,0.14014848,0.0,0.0,0.0,0.0,0.0,0.045483287,0.037318297,0.0,0.0,0.06389038,0.078599125,0.0,0.0,0.0,0.011183717,0.0,0.0,0.08461382,0.084927306,0.07721315,0.07954711,0.0,0.0,0.016512878,0.0,0.0,0.0,0.0,0.0,0.034512658,0.029553927,0.0
0.021491714,0.0037431791,0.0743261,0.051021565,0.0699307,0.010714391,0.0,0.022087447,0.0035934635,0.085791424,0.06151621,0.069403484,0.010709746,0.0,0.0063724136,0.0,0.014478285,0.022872675,0.0,0.14123397,0.0,0.0,0.0,0.0,0.0,0.04658684,0.037614383,0.0,0.0,0.0655303,0.08042422,0.0,0.0,0.0,0.011999706,0.0,0.0,0.08597906,0.08616637,0.07826343,0.08066395,0.0,0.0,0.018252393,0.0,0.0,0.0,0.0,0.0,0.03592565,0.030853486,0.0
0.022337593,0.0052385665,0.080927745,0.04916008,0.06593881,0.010384814,0.0,0.022914678,0.005117107,0.082144015,0.06750665,0.06529587,0.010357552,0.0,0.0063772984,0.0,0.014618548,0.0230969,0.0,0.1423913,0.0,0.0,0.0,0.0,0.0,0.04756521,0.037840318,0.0,0.0,0.06672677,0.08185276,0.0,0.0,0.0,0.012806108,0.0,0.0,0.08756752,0.087747745,0.079300955,0.08169378,0.0,0.0,0.019424528,0.0,0.0,0.0,0.0,0.0,0.037410453,0.031986512,0.0
0.021168716,0.0049924813,0.087862335,0.04322793,0.06291649,0.010455449,0.0,0.021696202,0.004907448,0.07496643,0.07383703,0.0621455,0.010410675,0.0,0.0063743806,0.0,0.014750617,0.023336569,0.0,0.14377084,0.0,0.0,0.0,0.0,0.0,0.048826393,0.038553722,0.0,0.0,0.067130804,0.08247465,0.0,0.0,0.0,0.013203112,0.0,0.0,0.08847581,0.08866299,0.07974467,0.08203727,0.0,0.0,0.01996471,0.0,0.0,0.0,0.0,0.0,0.038163662,0.032214478,0.0
0.020423986,0.0037901886,0.0947862,0.033393223,0.060032982,0.010722382,0.0,0.020875081,0.0037418716,0.06435516,0.080260396,0.059166282,0.0106675755,0.0,0.006396178,0.0,0.014850019,0.023620836,0.0,0.14512478,0.0,0.0,0.0,0.0,0.0,0.04992832,0.03941744,0.0,0.0,0.06701253,0.08253484,0.0,0.0,0.0,0.013253759,0.0,0.0,0.08902587,0.08926067,0.07981762,0.08192996,0.0,0.0,0.019584524,0.0,0.0,0.0,0.0,0.0,0.038438104,0.03199578,0.0
0.019294776,0.0018724799,0.10261864,0.022222053,0.059850413,0.011172691,0.0,0.019664273,0.001854185,0.05252161,0.08770351,0.05888646,0.011111937,0.0,0.0064242138,0.0,0.01488931,0.023981273,0.0,0.14636955,0.0,0.0,0.0,0.0,0.0,0.050598327,0.040151406,0.0,0.0,0.06651634,0.08214744,0.0,0.0,0.0,0.013062082,0.0,0.0,0.08948676,0.08978578,0.07967295,0.081600666,0.0,0.0,0.018627036,0.0,0.0,0.0,0.0,0.0,0.038221035,0.031464957,0.0
0.018804431,1.9717962e-05,0.11018878,0.00991052,0.0606766,0.011706281,0.0,0.019094862,2.7142465e-05,0.039712153,0.09484237,0.059655588,0.011643013,0.0,0.006522624,0.0,0.014972232,0.024132721,0.0,0.14713883,0.0,0.0,0.0,0.0,0.0,0.05124087,0.041073762,0.0,0.0,0.06578813,0.081544235,0.0,0.0,0.0,0.012993418,0.0,0.0,0.08995406,0.090335116,0.07943933,0.08116056,0.0,0.0,0.017365567,0.0,0.0,0.0,0.0,0.0,0.03774672,0.030725429,0.0
0.018111177,0.0,0.115647934,0.0,0.060594097,0.012119308,0.0,0.018320896,0.0,0.027250677,0.099872075,0.059601836,0.012056078,0.0,0.006739633,0.0,0.015118625,0.02437906,0.0,0.14787748,0.0,0.0,0.0,0.0,0.0,0.05194133,0.042202495,0.0,0.0,0.06500677,0.08095201,0.0,0.0,0.0,0.012924265,0.0,0.0,0.09049019,0.09092446,0.07924568,0.0807931,0.0,0.0,0.016010903,0.0,0.0,0.0,0.0,0.0,0.037288785,0.030042563,0.0
0.0160335,0.0,0.117703274,0.0,0.061027884,0.012257458,0.0,0.01617203,0.0,0.020195894,0.10170824,0.060109645,0.012198808,0.0,0.0071131913,0.0,0.015370007,0.024954358,0.0,0.14839396,0.0,0.0,0.0,0.0,0.0,0.053151295,0.043594602,0.0,0.0,0.06442655,0.080661446,0.0,0.0,0.0,0.01295511,0.0,0.0,0.09126414,0.091762096,0.07935907,0.08080053,0.0,0.0,0.015189227,0.0,0.0,0.0,0.0,0.0,0.037050165,0.029644094,0.0
0.015116669,0.0,0.11766902,0.0,0.061425723,0.012097733,0.0,0.015201926,0.0,0.017539293,0.101571664,0.060584486,0.012047201,0.0,0.0077512003,0.0,0.01568281,0.026031869,0.0,0.14906894,0.0,0.0,0.0,0.0,0.0,0.054189242,0.04448174,0.0,0.0,0.06431165,0.08080943,0.0,0.0,0.0,0.013001233,0.0,0.0,0.09290041,0.09351885,0.080237985,0.08166604,0.0,0.0,0.014897222,0.0,0.0,0.0,0.0,0.0,0.03712286,0.029634293,0.0
0.014538184,0.0,0.116336524,0.0,0.06325977,0.011686228,0.0,0.014606051,0.0,0.018820785,0.10020307,0.062457856,0.0116426125,0.0,0.008474037,0.0,0.015943035,0.02705155,0.0,0.14952594,0.0,0.0,0.0,0.0,0.0,0.05546721,0.045330197,0.0,0.0,0.06453574,0.08117459,0.0,0.0,0.0,0.0130887255,0.0,0.0,0.09458361,0.095315784,0.081506796,0.08296713,0.0,0.0,0.015297284,0.0,0.0,0.0,0.0,0.0,0.037085224,0.029490763,0.0
0.014951542,0.0,0.11466598,0.0,0.065730125,0.011127105,0.0,0.015030608,0.0,0.020964004,0.09837083,0.06492813,0.011087764,0.0,0.009064747,0.0,0.016089078,0.02793663,0.0,0.1498184,0.0,0.0,0.0,0.0,0.0,0.056540336,0.04575221,0.0,0.0,0.06486758,0.08150818,0.0,0.0,0.0,0.013190337,0.0,0.0,0.09582244,0.09665043,0.08254261,0.08401603,0.0,0.0,0.016147617,0.0,0.0,0.0,0.0,0.0,0.036989115,0.029182784,0.0
0.016419753,0.0,0.11218991,0.0,0.067147665,0.01055767,0.0,0.01651042,0.0,0.022005312,0.09569101,0.06632859,0.010519909,0.0,0.009415374,0.0,0.016101928,0.02886302,0.0,0.14966077,0.0,0.0,0.0,0.0,0.0,0.05707498,0.045598343,0.0,0.0,0.06522418,0.0817406,0.0,0.0,0.0,0.013180559,0.0,0.0,0.096242405,0.09712292,0.08285041,0.084249854,0.0,0.0,0.017113514,0.0,0.0,0.0,0.0,0.0,0.036802202,0.028585065,0.0
0.017875277,0.0,0.10922879,0.0,0.067795455,0.010065729,0.0,0.017973453,0.0,0.022577144,0.09269555,0.06694558,0.010027955,0.0,0.00944751,0.0,0.01600099,0.029765913,0.0,0.14898773,0.0,0.0,0.0,0.0,0.0,0.056836054,0.04463571,0.0,0.0,0.065494865,0.08176224,0.0,0.0,0.0,0.013031248,0.0,0.0,0.09579964,0.09669921,0.08242427,0.08366667,0.0,0.0,0.017881762,0.0,0.0,0.0,0.0,0.0,0.03696236,0.028223839,0.0
0.020146511,0.0,0.104631454,0.0,0.06564424,0.009762769,0.0,0.02023413,0.0,0.022097513,0.08829738,0.06480825,0.009725387,0.0,0.0093614645,0.0,0.015798874,0.030520685,0.0,0.14773548,0.0,0.0,0.0,0.0,0.0,0.055914387,0.043346673,0.0,0.0,0.06560765,0.08151317,0.0,0.0,0.0,0.012764684,0.0,0.0,0.09467658,0.09554306,0.081462786,0.08249966,0.0,0.0,0.017868936,0.0,0.0,0.0,0.0,0.0,0.037092943,0.027801871,0.0
0.019886792,0.0,0.09832297,0.0,0.0650139,0.009643643,0.0,0.019977175,0.0,0.026383795,0.08264512,0.06420827,0.009607662,0.0,0.00925323,0.0,0.015565826,0.031234886,0.0,0.14612988,0.0,0.0,0.0,0.0,0.0,0.054962434,0.0422408,0.0,0.0,0.06562677,0.081155285,0.0,0.0,0.0,0.0124391625,0.0,0.0,0.093275145,0.094055206,0.08026677,0.08114239,0.0,0.0,0.017463755,0.0,0.0,0.0,0.0,0.0,0.037013624,0.027426299,0.0
0.018803738,0.0,0.091849074,0.0,0.064937174,0.009547136,0.0,0.01891496,0.0,0.033971295,0.07690546,0.06414199,0.0095157735,0.0,0.009273823,0.0,0.015342468,0.03162919,0.0,0.14461915,0.0,0.0,0.0,0.0,0.0,0.053991273,0.041151308,0.0,0.0,0.06542777,0.08061202,0.0,0.0,0.0,0.01221671,0.0,0.0,0.09245057,0.09320727,0.07961994,0.080449276,0.0,0.0,0.0169047,0.0,0.0,0.0,0.0,0.0,0.03717134,0.027527612,0.0
0.018122122,0.0,0.08520012,0.006446656,0.06513893,0.009385865,0.0,0.0182788,0.0,0.042724606,0.07093057,0.064361334,0.009360442,0.0,0.009348687,0.0,0.0151410885,0.031252004,0.0,0.14295101,0.0,0.0,0.0,0.0,0.0,0.053230945,0.040305704,0.0,0.0,0.06507236,0.079948165,0.0,0.0,0.0,0.012068659,0.0,0.0,0.091821596,0.09261501,0.07938181,0.0802289,0.0,0.0,0.016386453,0.0,0.0,0.0,0.0,0.0,0.037169058,0.027603084,0.0
0.01840932,0.0,0.07913601,0.012344081,0.06399863,0.009105714,0.0,0.018623032,0.0,0.04973765,0.06535843,0.06322959,0.009087507,0.0,0.00941397,0.0,0.014928257,0.030142661,0.0,0.14122099,0.0,0.0,0.0,0.0,0.0,0.052305445,0.039197017,0.0,0.0,0.06448211,0.07903351,0.0,0.0,0.0,0.0119547825,0.0,0.0,0.091371536,0.09227209,0.07967739,0.08063854,0.0,0.0,0.015790809,0.0,0.0,0.0,0.0,0.0,0.037523285,0.028130794,0.0
0.019600362,0.0,0.07395278,0.015695103,0.061667792,0.0089129135,0.0,0.019866265,0.0,0.053904142,0.06056993,0.06093211,0.008900763,0.0,0.009423823,0.0,0.0146868415,0.028647624,0.0,0.13949157,0.0,0.0,0.0,0.0,0.0,0.05159095,0.03855423,0.0,0.0,0.06376628,0.07797478,0.0,0.0,0.0,0.011726036,0.0,0.0,0.09071796,0.09169131,0.07978241,0.08085781,0.0,0.0,0.01497427,0.0,0.0,0.0,0.0,0.0,0.03708061,0.027880907,0.0
0.019480601,0.0,0.070974916,0.0184194,0.059525013,0.0086582955,0.0,0.019792832,0.0,0.056989644,0.05792975,0.058804154,0.00864991,0.0,0.009237149,0.0,0.014420817,0.02707024,0.0,0.13834317,0.0,0.0,0.0,0.0,0.0,0.051413152,0.03847805,0.0,0.0,0.06299046,0.07687647,0.0,0.0,0.0,0.011377933,0.0,0.0,0.089983866,0.09099755,0.07981912,0.08103518,0.0,0.0,0.014329441,0.0,0.0,0.0,0.0,0.0,0.03655029,0.027612306,0.0
0.020684876,0.0,0.07022554,0.018893924,0.056192625,0.008353824,0.0,0.021020688,0.0,0.057320066,0.05731779,0.055483237,0.008346562,0.0,0.008830763,0.0,0.014131023,0.025523927,0.0,0.13778275,0.0,0.0,0.0,0.0,0.0,0.05159057,0.038834926,0.0,0.0,0.062263984,0.0758528,0.0,0.0,0.0,0.011004518,0.0,0.0,0.08921169,0.09024672,0.07970178,0.0810171,0.0,0.0,0.013891916,0.0,0.0,0.0,0.0,0.0,0.035868723,0.027126022,0.0
0.023398977,0.0,0.06944804,0.018025879,0.051357113,0.008031653,0.0,0.023743186,0.0,0.055956833,0.056672525,0.05068012,0.008023444,0.0,0.008288393,0.0,0.013818266,0.02433091,0.0,0.13747464,0.0,0.0,0.0,0.0,0.0,0.05158276,0.039145853,0.0,0.0,0.06189987,0.07526777,0.0,0.0,0.0,0.010676981,0.0,0.0,0.088438444,0.08945824,0.07928839,0.08064863,0.0,0.0,0.013476995,0.0,0.0,0.0,0.0,0.0,0.0353505,0.026816666,0.0
0.026494116,0.0,0.06814894,0.018412378,0.046567652,0.0077726915,0.0,0.026856638,0.0,0.055521213,0.055729955,0.045914933,0.007762043,0.0,0.00788946,0.0,0.013582344,0.023969289,0.0,0.13749133,0.0,0.0,0.0,0.0,0.0,0.050856475,0.03872883,0.0,0.0,0.062255107,0.07547964,0.0,0.0,0.0,0.010616496,0.0,0.0,0.08849347,0.08944149,0.07914225,0.08054088,0.0,0.0,0.013323472,0.0,0.0,0.0,0.0,0.0,0.035361234,0.027141605,0.0
0.028307829,0.0,0.0652456,0.02176582,0.043056928,0.0077219456,0.0,0.028710153,0.0,0.058164548,0.05341173,0.04246905,0.0077073667,0.0,0.0076455725,0.0,0.01349572,0.023929164,0.0,0.13749632,0.0,0.0,0.0,0.0,0.0,0.050250262,0.03848077,0.0,0.0,0.06305747,0.076318085,0.0,0.0,0.0,0.010820271,0.0,0.0,0.088782996,0.08960767,0.07896297,0.08041995,0.0,0.0,0.013459815,0.0,0.0,0.0,0.0,0.0,0.035574112,0.027790189,0.0
0.028837878,0.0,0.060849726,0.030443233,0.043176584,0.0077116545,0.0,0.029306833,0.0,0.06639127,0.049742777,0.042667247,0.0076922458,0.0,0.0074979635,0.0,0.013620591,0.024266712,0.0,0.1377141,0.0,0.0,0.0,0.0,0.0,0.049846113,0.038007136,0.0,0.0,0.06417373,0.07759387,0.0,0.0,0.0,0.011246859,0.0,0.0,0.0895084,0.09023647,0.079213604,0.080788694,0.0,0.0,0.014140816,0.0,0.0,0.0,0.0,0.0,0.036012996,0.028750073,0.0
0.030798927,0.0,0.05527787,0.04026494,0.045234684,0.007878141,0.0,0.03134582,0.0,0.07631913,0.044762548,0.04481478,0.007854615,0.0,0.0075451555,0.0,0.013875239,0.024833417,0.0,0.1377616,0.0,0.0,0.0,0.0,0.0,0.04918326,0.037048057,0.0,0.0,0.065378375,0.07901345,0.0,0.0,0.0,0.0118278405,0.0,0.0,0.09065133,0.091368526,0.079747126,0.08148587,0.0,0.0,0.014808582,0.0,0.0,0.0,0.0,0.0,0.036440354,0.029700022,0.0
0.03292892,0.0,0.047721293,0.04913308,0.047681857,0.008198126,0.0,0.03355957,0.0,0.08607611,0.037763685,0.047353122,0.008172813,0.0,0.0077738455,0.0,0.014188745,0.025463982,0.0,0.13753629,0.0,0.0,0.0,0.0,0.0,0.047733806,0.03520445,0.0,0.0,0.06648131,0.0803519,0.0,0.0,0.0,0.012448759,0.0,0.0,0.0920945,0.09287603,0.0804985,0.08243964,0.0,0.0,0.015196914,0.0,0.0,0.0,0.0,0.0,0.037042055,0.030772433,0.0
0.03304044,0.0,0.039473772,0.055786565,0.049536906,0.008660127,0.0,0.033741087,0.0,0.09426815,0.029995225,0.049282223,0.008636044,0.0,0.008044712,0.0,0.014493149,0.025996272,0.0,0.1373082,0.0,0.0,0.0,0.0,0.0,0.04588475,0.03298764,0.0,0.0,0.06693277,0.08104062,0.0,0.0,0.0,0.012860491,0.0,0.0,0.09327572,0.094187945,0.08111252,0.08329111,0.0,0.0,0.015273394,0.0,0.0,0.0,0.0,0.0,0.037718594,0.031751126,0.0
0.031399846,0.0,0.03152548,0.060839217,0.051438376,0.009181217,0.0,0.032127954,0.0,0.10115344,0.022434123,0.051245183,0.009160015,0.0,0.0081804395,0.0,0.014754178,0.02671737,0.0,0.13770655,0.0,0.0,0.0,0.0,0.0,0.044510145,0.031367145,0.0,0.0,0.06670453,0.08103007,0.0,0.0,0.0,0.012741404,0.0,0.0,0.09395384,0.09501946,0.081338525,0.08373195,0.0,0.0,0.015149763,0.0,0.0,0.0,0.0,0.0,0.037777476,0.03194976,0.0
0.03025987,0.0,0.02519174,0.06448519,0.05363514,0.009625633,0.0,0.03097698,0.0,0.10641514,0.016395714,0.05345128,0.009606284,0.0,0.0082317535,0.0,0.0149294585,0.027916722,0.0,0.13896385,0.0,0.0,0.0,0.0,0.0,0.043451414,0.030134207,0.0,0.0,0.0664021,0.08081639,0.0,0.0,0.0,0.012259757,0.0,0.0,0.09485918,0.09604034,0.08151671,0.084060565,0.0,0.0,0.015090309,0.0,0.0,0.0,0.0,0.0,0.03724371,0.031496268,0.0
0.030341007,0.0,0.020297207,0.0649871,0.05405125,0.01009599,0.0,0.03102237,0.0,0.10826343,0.011680484,0.05384838,0.010077241,0.0,0.008256227,0.0,0.01495654,0.028928263,0.0,0.14043799,0.0,0.0,0.0,0.0,0.0,0.042748764,0.029592397,0.0,0.0,0.06611843,0.080557324,0.0,0.0,0.0,0.011757749,0.0,0.0,0.0956538,0.0968802,0.081414,0.08406593,0.0,0.0,0.014910676,0.0,0.0,0.0,0.0,0.0,0.036557447,0.030942861,0.0
0.030776136,0.0,0.01578316,0.06478585,0.053672947,0.010519473,0.0,0.031423442,0.0,0.10925611,0.0075401478,0.05343582,0.010501314,0.0,0.008280456,0.0,0.014946804,0.029684309,0.0,0.14167914,0.0,0.0,0.0,0.0,0.0,0.04245561,0.029651256,0.0,0.0,0.06608483,0.08053374,0.0,0.0,0.0,0.011497606,0.0,0.0,0.096293196,0.09748507,0.081219465,0.08393893,0.0,0.0,0.014979431,0.0,0.0,0.0,0.0,0.0,0.035940442,0.030562429,0.0
0.030961044,0.0,0.012303781,0.06464175,0.053492486,0.010924683,0.0,0.03157989,0.0,0.11031971,0.0045475364,0.053208563,0.010907852,0.0,0.008359373,0.0,0.014955068,0.030432198,0.0,0.14285196,0.0,0.0,0.0,0.0,0.0,0.042747412,0.030404994,0.0,0.0,0.06607826,0.08055545,0.0,0.0,0.0,0.011418745,0.0,0.0,0.096745566,0.097881645,0.080899924,0.08367542,0.0,0.0,0.0151618365,0.0,0.0,0.0,0.0,0.0,0.03543902,0.030365076,0.0
0.03169243,0.0,0.009954464,0.06643283,0.055660672,0.011288649,0.0,0.03228967,0.0,0.11328728,0.0027796328,0.05531306,0.011272541,0.0,0.00853165,0.0,0.015097487,0.03156668,0.0,0.14405935,0.0,0.0,0.0,0.0,0.0,0.043340653,0.031284828,0.0,0.0,0.0663241,0.080820866,0.0,0.0,0.0,0.0114532765,0.0,0.0,0.09760929,0.098683536,0.08079918,0.08357537,0.00016984576,0.0006689937,0.015571261,0.0,0.0,0.0,0.0,0.0,0.03456455,0.029768068,0.0
0.03316816,0.0,0.008933745,0.06698702,0.05764226,0.01166869,0.0,0.03374885,0.0,0.11495506,0.0021923706,0.05722794,0.011651658,0.0,0.0087320125,0.0,0.015280478,0.032398544,0.0,0.14509746,0.0,0.0,0.0,0.0,0.0,0.043499183,0.031624094,0.0,0.0,0.06652033,0.0810218,0.0,0.0,0.0,0.011495113,0.0,0.0,0.098717354,0.09975627,0.08087523,0.0836415,0.0014128091,0.0019129182,0.015679058,0.0,0.0,0.0,0.0,0.0,0.033739515,0.02914339,0.0
0.03486932,0.0,0.008084521,0.06591323,0.059047826,0.012134024,0.0,0.03543836,0.0,0.114934474,0.0017778426,0.058584772,0.012116412,0.0,0.008943908,0.0,0.015512742,0.032618202,0.0,0.14554404,0.0,0.0,0.0,0.0,0.0,0.04337674,0.031682137,0.0,0.0,0.06657484,0.08111322,0.0,0.0,0.0,0.011631224,0.0,0.0,0.09968903,0.10072157,0.08104846,0.08377381,0.0026745128,0.003177009,0.015303539,0.0,0.0,0.0,0.0,0.0,0.032877266,0.028385762,0.0
0.03596104,0.0,0.007838745,0.064345926,0.060748458,0.012516697,0.0,0.036517307,0.0,0.11404312,0.0018522032,0.06024527,0.012499742,0.0,0.009300097,0.0,0.01584886,0.03309316,0.0,0.14620423,0.0,0.0,0.0,0.0,0.0,0.042861104,0.031132756,0.0,0.0,0.06671157,0.08133666,0.0,0.0,0.0,0.011745309,0.0,0.0,0.101258606,0.10231124,0.08187008,0.0845879,0.0034679985,0.003974011,0.014776891,0.0,0.0,0.0,0.0,0.0,0.032409023,0.027956199,0.0
0.036564022,0.0,0.009369977,0.061343063,0.062311225,0.012837329,0.0,0.03708972,0.0,0.11106383,0.0033530332,0.061774775,0.012820622,0.0,0.009690126,0.0,0.016234674,0.03384962,0.0,0.14749071,0.0,0.0,0.0,0.0,0.0,0.042209677,0.030255957,0.0,0.0,0.06675505,0.0815193,0.0,0.0,0.0,0.011797098,0.0,0.0,0.10326517,0.10433872,0.08303167,0.085756645,0.0038950644,0.0044001727,0.014214482,0.0,0.0,0.0,0.0,0.0,0.03226552,0.027771477,0.0
0.036496416,0.0,0.012359045,0.0575601,0.063542396,0.013101391,0.0,0.03697554,0.0,0.10654039,0.006017171,0.062985145,0.013082236,0.0,0.009911955,0.0,0.016615182,0.034295812,0.0,0.14894956,0.0,0.0,0.0,0.0,0.0,0.041777845,0.029403029,0.0,0.0,0.06668516,0.08162267,0.0,0.0,0.0,0.01184329,0.0,0.0,0.10513973,0.10618839,0.08421953,0.08694354,0.0034953295,0.0039949846,0.013861269,0.0,0.0,0.0,0.0,0.0,0.032167222,0.02760361,0.0
0.037451897,0.0,0.014792867,0.052003212,0.06279291,0.013382852,0.0,0.037879534,0.0,0.099967934,0.008108053,0.062269457,0.013361084,0.0,0.010074179,0.0,0.016914418,0.0342235,0.0,0.14993261,0.0,0.0,0.0,0.0,0.0,0.041625284,0.0290344,0.0,0.0,0.06674604,0.0819222,0.0,0.0,0.0,0.012028094,0.0,0.0,0.10649854,0.10747713,0.085046165,0.08774488,0.0029800464,0.0034587914,0.013383891,0.0,0.0,0.0,0.0,0.0,0.032021128,0.02755792,0.0
0.037858125,0.0,0.015454765,0.048994347,0.06213586,0.013453931,0.0,0.038263343,0.0,0.09592086,0.008625988,0.0616963,0.01343154,0.0,0.010438974,0.0,0.017236535,0.034474034,0.0,0.1506755,0.0,0.0,0.0,0.0,0.0,0.041795027,0.028960334,0.0,0.0,0.06734156,0.08283648,0.0,0.0,0.0,0.012541814,0.0,0.0,0.10794279,0.108818755,0.08612086,0.08886381,0.0023896103,0.0028465278,0.013365177,0.0,0.0,0.0,0.0,0.0,0.03245911,0.02835209,0.0
0.038240876,0.0,0.014390055,0.049389914,0.06235927,0.013348165,0.0,0.038648393,0.0,0.09562643,0.0074692853,0.06204178,0.013329394,0.0,0.01109405,0.0,0.017617146,0.03551276,0.0,0.15108114,0.0,0.0,0.0,0.0,0.0,0.042217698,0.029044118,0.0,0.0,0.06841233,0.08430511,0.0,0.0,0.0,0.013289549,0.0,0.0,0.109478146,0.11028258,0.08728729,0.090160325,0.0021860618,0.0026275571,0.01394695,0.0,0.0,0.0,0.0,0.0,0.033456482,0.02988445,0.0
0.03908125,0.0,0.012565371,0.05032977,0.061824307,0.013075108,0.0,0.039499767,0.0,0.096630886,0.0055142567,0.06162735,0.013062576,0.0,0.011914786,0.0,0.017990436,0.03704891,0.0,0.15143846,0.0,0.0,0.0,0.0,0.0,0.042259317,0.028635167,0.0,0.0,0.069480926,0.085713774,0.0,0.0,0.0,0.013987785,0.0,0.0,0.11111141,0.11192191,0.08847499,0.09151779,0.0028886553,0.0033247443,0.014738368,0.0,0.0,0.0,0.0,0.0,0.034894053,0.031809714,0.0
0.039405126,4.1939318e-05,0.010048844,0.051462177,0.061386205,0.012706199,0.0,0.03983164,0.0,0.098577805,0.0029134005,0.06128243,0.012699929,0.0,0.012611243,0.0,0.018299518,0.038465068,0.0,0.15144117,0.0,0.0,0.0,0.0,0.0,0.042149115,0.028018102,0.0,0.0,0.07013473,0.08657219,0.0,0.0,0.0,0.014354828,0.0,0.0,0.11214998,0.11302545,0.089316115,0.09250444,0.003996174,0.0044402434,0.0155239105,0.0,0.0,0.0,0.0,0.0,0.03608728,0.033315025,0.0
0.03993147,0.0009598732,0.00854443,0.0513809,0.06143371,0.012416721,0.0,0.040348355,0.0005185157,0.09966618,0.0013108775,0.061353706,0.012416288,0.0,0.013164884,0.0,0.01851575,0.039729305,0.0,0.15120795,0.0,0.0,0.0,0.0,0.0,0.041682433,0.027082477,0.0,0.0,0.07034485,0.086829774,0.0,0.0,0.0,0.014297593,0.0,0.0,0.11290957,0.11390582,0.0897585,0.093027025,0.005325704,0.0057842154,0.0159892,0.0,0.0,0.0,5.874783e-06,0.0,0.036512777,0.03386103,0.0
0.038950402,0.0011297278,0.010069143,0.052010324,0.065106094,0.012297041,0.0,0.039351057,0.00068905205,0.10093947,0.002564609,0.064966306,0.012298388,0.0,0.013386799,0.0,0.018657934,0.040508986,0.0,0.15117195,0.0,0.0,0.0,0.0,0.0,0.041507926,0.02622937,0.0,0.0,0.0702003,0.0866224,0.0,0.0,0.0,0.013902167,0.0,0.0,0.11333726,0.1144508,0.09006902,0.093414366,0.0051386473,0.0056144595,0.016599806,0.0,0.0,0.0,8.206768e-05,0.0,0.036321074,0.03369408,0.0
0.03887221,0.0016468801,0.014579389,0.050099373,0.07007128,0.0126289,0.0,0.03923427,0.0012286082,0.09917441,0.0064998306,0.06980843,0.012629039,0.0,0.013247758,0.0,0.018709023,0.04021162,0.0,0.15095505,0.0,0.0,0.0,0.0,0.0,0.041965675,0.025973719,0.0,0.0,0.06961539,0.08598071,0.0,0.0,0.0,0.013471512,0.0,0.0,0.11308463,0.11433575,0.089856856,0.093192376,0.0039339224,0.0044269394,0.016962675,0.0,0.0,0.0,5.905982e-06,0.0,0.035545483,0.032729227,0.0
0.038274568,0.002471272,0.022721156,0.044434007,0.07594696,0.013273314,0.0,0.038583636,0.0021024235,0.09300949,0.013742719,0.075494856,0.013267176,0.0,0.012754638,0.0,0.01868208,0.03900167,0.0,0.15165904,0.0,0.0,0.0,0.0,0.0,0.04278787,0.025984392,0.0,0.0,0.06857417,0.08488914,0.0,0.0,0.0,0.013051286,0.0,0.0,0.11245564,0.11381075,0.08954184,0.0927985,0.0016247947,0.002132711,0.016950443,0.0,0.0,0.0,0.0,0.0,0.034889743,0.03167045,0.0
0.037389655,0.002496589,0.03236781,0.033832945,0.08089031,0.014315828,0.0,0.03761716,0.0022039972,0.08160546,0.022256006,0.08023469,0.014301855,0.0,0.011913031,0.0,0.018661665,0.036383558,0.0,0.1516117,0.0,0.0,0.0,0.0,0.0,0.04450234,0.0270279,0.0,0.0,0.06690949,0.08326288,0.0,0.0,0.0,0.012851896,0.0,0.0,0.11041908,0.11183478,0.088449955,0.09142938,0.0,0.0,0.01643217,0.0,0.0,0.0,0.0,0.0,0.03378164,0.029770304,0.0
0.03599921,0.0012139343,0.04481023,0.018602148,0.08544432,0.015421828,0.0,0.03612238,0.0010193847,0.065027356,0.033383787,0.08458813,0.015400369,0.0,0.011098195,0.0,0.018671796,0.03399877,0.0,0.15167736,0.0,0.0,0.0,0.0,0.0,0.04646376,0.02848209,0.0,0.0,0.065351464,0.081753775,0.0,0.0,0.0,0.012562436,0.0,0.0,0.1083112,0.10969964,0.08731094,0.08988994,0.0,0.0,0.015546851,0.0,0.0,0.0,0.0,0.0,0.032353304,0.027415229,0.0
0.035129875,0.0,0.057454243,0.0,0.085831076,0.016187185,0.0,0.035138078,0.0,0.043049686,0.04462722,0.08487287,0.016161451,0.0,0.010486603,0.0,0.018681325,0.03204138,0.0,0.15158921,0.0,0.0,0.0,0.0,0.0,0.048384883,0.03025664,0.0,0.0,0.06428558,0.0807668,0.0,0.0,0.0,0.0123211965,0.0,0.0,0.10638585,0.107665926,0.08642028,0.08852687,0.0,0.0,0.014511643,0.0,0.0,0.0,0.0,0.0,0.031491056,0.025625493,0.0
0.033693567,0.0,0.07113572,0.0,0.082236916,0.016345946,0.0,0.033600777,0.0,0.019020207,0.057060584,0.08124592,0.016319191,0.0,0.010312261,0.0,0.018652264,0.0316475,0.0,0.15200749,0.0,0.0,0.0,0.0,0.0,0.04976024,0.031873904,0.0,0.0,0.0639515,0.0805055,0.0,0.0,0.0,0.012117222,0.0,0.0,0.10547833,0.10659248,0.08602315,0.08769031,0.0,0.0,0.01367178,0.0,0.0,0.0,0.0,0.0,0.031657714,0.025019377,0.0
0.031600658,0.0,0.08428642,0.0,0.07618875,0.01598032,0.0,0.031445425,0.0,0.0,0.06938842,0.075232655,0.015954327,0.0,0.010424504,0.0,0.018576674,0.032014,0.0,0.1524933,0.0,0.0,0.0,0.0,0.0,0.050602403,0.03342598,0.0,0.0,0.064234614,0.08085544,0.0,0.0,0.0,0.012042269,0.0,0.0,0.10512536,0.10602982,0.0858566,0.0871577,0.0,0.0,0.013245696,0.0,0.0,0.0,0.00016440544,0.0,0.03231537,0.025269493,0.0
0.028255813,0.0,0.09526704,0.0,0.0699254,0.015244859,0.0,0.028084744,0.0,0.0,0.08005495,0.06903508,0.015221037,0.0,0.010674823,0.0,0.01849347,0.03262369,0.0,0.1522114,0.0,0.0,0.0,0.0,0.0,0.051304728,0.034929592,0.0,0.0,0.06487496,0.081606,0.0,0.0,0.0,0.012170376,0.0,0.0,0.10496313,0.10568424,0.08567263,0.08672935,0.0,0.0,0.013487076,0.0,0.0,0.0,0.00078691356,0.0,0.03288693,0.025781099,0.0
0.025645684,0.0,0.10405044,0.0,0.06529242,0.014352068,0.0,0.025503509,0.0,0.0,0.08882072,0.064484626,0.0143298395,0.0,0.011006164,0.0,0.018404653,0.0335685,0.0,0.15216136,0.0,0.0,0.0,0.0,0.0,0.051563486,0.03586699,0.0,0.0,0.065984264,0.08284274,0.0,0.0,0.0,0.012343457,0.0,0.0,0.10542303,0.10601578,0.08593804,0.08696264,0.0,0.0,0.014235362,0.0,0.0,0.0,0.0014182962,0.0,0.033563156,0.026896214,0.0
0.024746168,0.0,0.1096303,0.0,0.06195349,0.013606214,0.0,0.024674255,0.0,0.0,0.09452014,0.061229996,0.013584854,0.0,0.011365313,0.0,0.018373515,0.034107476,0.0,0.1515665,0.0,0.0,0.0,0.0,0.0,0.0516603,0.03644804,0.0,0.0,0.067178555,0.08423336,0.0,0.0,0.0,0.0129495645,0.0,0.0,0.106049255,0.10662885,0.08637576,0.08747415,0.0,0.0,0.015273238,0.0,0.0,0.0,0.0020072581,0.0,0.03428744,0.028212285,0.0
0.0243849,0.0,0.113233745,0.0,0.06202133,0.01314871,0.0,0.024412096,0.0,0.0,0.098291874,0.061370745,0.0131249335,0.0,0.011672171,0.0,0.018456541,0.034544747,0.0,0.15091184,0.0,0.0,0.0,0.0,0.0,0.051405013,0.036392327,0.0,0.0,0.06832001,0.0855992,0.0,0.0,0.0,0.0135420505,0.0,0.0,0.10692558,0.107569285,0.08693835,0.088177085,0.0,0.0,0.016540295,0.0,0.0,0.0,0.0025284719,0.0,0.034814026,0.029342055,0.0
0.025041226,0.0,0.11422032,0.0,0.06269747,0.012881094,0.0,0.025170274,0.0,0.0,0.09934478,0.062140815,0.012853744,0.0,0.011902859,0.0,0.018628797,0.034471985,0.0,0.15014568,0.0,0.0,0.0,0.0,0.0,0.05085032,0.035865717,0.0,0.0,0.06909401,0.08659001,0.0,0.0,0.0,0.014062268,0.0,0.0,0.107681386,0.10845359,0.08756395,0.08893162,0.0,0.0,0.017601961,0.0,0.0,0.0,0.0028351285,0.00046116533,0.03525273,0.030187454,0.0
0.024829298,0.0,0.113692716,0.0,0.064801976,0.012686992,0.0,0.025039546,0.0,0.0,0.098760605,0.06432079,0.012654732,0.0,0.012001935,0.0,0.018808067,0.034688145,0.0,0.14985983,0.0,0.0,0.0,0.0,0.0,0.050049264,0.03488321,0.0,0.0,0.06940262,0.08707629,0.0,0.0,0.0,0.014149082,0.0,0.0,0.10833893,0.10925383,0.08805702,0.08956038,0.0,0.0,0.018583165,0.0,0.0,0.0,0.002845536,0.00060623884,0.035538018,0.030653685,0.0
0.02537737,0.0,0.11245191,0.0,0.06610079,0.012695371,0.0,0.025629863,0.0,0.0,0.097419724,0.06567084,0.01265946,0.0,0.012082446,0.0,0.018939208,0.035022493,0.0,0.14978892,0.0,0.0,0.0,0.0,0.0,0.04895719,0.033718854,0.0,0.0,0.069350645,0.08711991,0.0,0.0,0.0,0.013932902,0.0,0.0,0.10880558,0.10986753,0.08831737,0.08988741,0.0,0.0,0.019133814,0.0,0.0,0.0,0.0027337866,0.00056977617,0.035503946,0.030583473,0.0
0.02556219,0.0,0.110849224,0.0,0.06742499,0.01278226,0.0,0.025824543,0.0,0.0,0.09576025,0.06699793,0.012743241,0.0,0.012183805,0.0,0.019008014,0.03563222,0.0,0.15012586,0.0,0.0,0.0,0.0,0.0,0.047609128,0.032299414,0.0,0.0,0.06922826,0.087026104,0.0,0.0,0.0,0.013463775,0.0,0.0,0.109559506,0.11072384,0.08874281,0.090355545,0.0,0.0,0.019507982,0.0,0.0,0.0,0.0025578048,0.0004364536,0.035317853,0.030262075,0.0
0.025524061,0.0,0.10910888,0.0,0.067829914,0.012886177,0.0,0.025775645,0.0,0.0,0.093915984,0.06737831,0.012844392,0.0,0.012283089,0.0,0.019009048,0.036151145,0.0,0.15052189,0.0,0.0,0.0,0.0,0.0,0.04642386,0.031006016,0.0,0.0,0.06910869,0.086906806,0.0,0.0,0.0,0.012946983,0.0,0.0,0.1103573,0.11158109,0.08940705,0.091061816,0.0,0.0,0.019804757,0.0,0.0,0.0,0.0025340673,0.00043326523,0.035256725,0.030027093,0.0
0.024491772,0.0,0.10729182,0.0,0.06929429,0.013017679,0.0,0.02472477,0.0,0.0,0.09201239,0.06876313,0.012971979,0.0,0.012298317,0.0,0.01889896,0.03650459,0.0,0.1508908,0.0,0.0,0.0,0.0,0.0,0.0462175,0.030676533,0.0,0.0,0.0690746,0.08686876,0.0,0.0,0.0,0.012557361,0.0,0.0,0.11081776,0.11202265,0.09001008,0.09171148,0.0,0.0,0.02028299,0.0,0.0,0.0,0.002625633,0.0005832189,0.03503111,0.029690174,0.0
0.023944765,0.0,0.10591653,0.0,0.07171984,0.013245676,0.0,0.02415543,0.0,0.0,0.09057822,0.07103824,0.013195824,0.0,0.01231265,0.0,0.018708285,0.03665658,0.0,0.15082647,0.0,0.0,0.0,0.0,0.0,0.04711533,0.031453725,0.0,0.0,0.06918646,0.08697058,0.0,0.0,0.0,0.0125410585,0.0,0.0,0.110895775,0.11205661,0.09028862,0.09198739,0.0,0.0,0.020918913,0.0,0.0,0.0,0.0028521866,0.0008525122,0.034575246,0.029138634,0.0
0.024328835,0.0,0.105000645,0.0,0.074029505,0.013554503,0.0,0.024506565,0.0,0.0,0.08964455,0.073151425,0.0135028325,0.0,0.012469559,0.0,0.018561622,0.03673166,0.0,0.15016356,0.0,0.0,0.0,0.0,0.0,0.04844596,0.032502778,0.0,0.0,0.069475055,0.0872183,0.0,0.0,0.0,0.012869537,0.0,0.0,0.11088992,0.11202358,0.0904664,0.0920807,0.0,0.0,0.021711703,0.0,0.0,0.0,0.003258748,0.0012054448,0.034032367,0.028393628,0.0
0.02554011,0.0,0.10560031,0.0,0.07501091,0.013644442,0.0,0.02567564,0.0,0.0,0.09012949,0.07394969,0.013592396,0.0,0.012763558,0.0,0.018466089,0.037263706,0.0,0.14979894,0.0,0.0,0.0,0.0,0.0,0.04919089,0.03269387,0.0,0.0,0.07000281,0.08760106,0.0,0.0,0.0,0.013056235,0.0,0.0,0.11136096,0.11247898,0.09089115,0.09237935,0.0,0.0,0.022489503,0.0,0.0,0.0,0.0038266322,0.0016262499,0.03371726,0.027799845,0.0
0.02680004,0.0,0.108321056,0.0,0.07313508,0.013453285,0.0,0.026888281,0.0,0.0,0.09271733,0.07196394,0.013399765,0.0,0.013019597,0.0,0.01834156,0.037762795,0.0,0.14908658,0.0,0.0,0.0,0.0,0.0,0.049893595,0.03296365,0.0,0.0,0.070451945,0.08776671,0.0,0.0,0.0,0.0129467035,0.0,0.0,0.111356586,0.11243666,0.09071268,0.091956556,0.0,0.0,0.022870231,0.0,0.0,0.0,0.004314419,0.0018550158,0.03296642,0.026609372,0.0
0.028023966,0.0,0.11272959,0.0,0.067728415,0.012841548,0.0,0.028057162,0.0,0.0,0.097195856,0.066521645,0.012785781,0.0,0.013274366,0.0,0.018177066,0.03854754,0.0,0.14885728,0.0,0.0,0.0,0.0,0.0,0.050289694,0.033215962,0.0,0.0,0.071041316,0.0879065,0.0,0.0,0.0,0.012470319,0.0,0.0,0.11134928,0.1123189,0.09035079,0.09130818,0.0,0.0,0.022742072,0.0,0.0,0.0,0.0045191683,0.0018006116,0.03220976,0.025507592,0.0
0.02881471,0.0,0.11770023,0.0,0.058781512,0.011847412,0.0,0.028794765,0.0,0.0,0.10261945,0.057592362,0.011790888,0.0,0.013588984,0.0,0.0179804,0.039528493,0.0,0.14870349,0.0,0.0,0.0,0.0,0.0,0.050523363,0.033688933,0.0,0.0,0.071719244,0.08802261,0.0,0.0,0.0,0.011884515,0.0,0.0,0.11134174,0.112142116,0.08983537,0.090477005,0.0,0.0,0.022242676,0.0,0.0,0.0,0.0043069106,0.0013726456,0.03162978,0.024671283,0.0
0.029263495,0.0,0.12089704,0.0,0.047265716,0.010514315,0.0,0.02919328,0.0,0.0,0.106647536,0.046148825,0.010460681,0.0,0.013945859,0.0,0.01777787,0.04088487,0.0,0.14880607,0.0,0.0,0.0,0.0,0.0,0.050167523,0.033771813,0.0,0.0,0.07255429,0.08825609,0.0,0.0,0.0,0.011133306,0.0,0.0,0.11158734,0.1121692,0.0896273,0.09004541,0.0,0.0,0.021799337,0.0,0.0,0.0,0.0038206205,0.00082612596,0.031741105,0.024764884,0.0
0.028832149,0.0,0.120456636,0.0,0.03529531,0.009097781,0.0,0.028736016,0.0,0.0,0.107397586,0.03429315,0.009049529,0.0,0.014213658,0.0,0.017513545,0.04218489,0.0,0.14848581,0.0,0.0,0.0,0.0,0.0,0.04968542,0.034027025,0.0,3.0506868e-05,0.07330818,0.08844341,0.0,0.0,0.0,0.01039082,0.0,0.0,0.11143157,0.111774504,0.0891546,0.08945947,0.0,0.0,0.021248832,0.0,0.0,0.0,0.0031615198,0.0003278507,0.032103896,0.025343467,0.0
0.027795117,0.0,0.11628429,0.0,0.025563482,0.007868055,0.0,0.027701538,0.0,0.0,0.10454992,0.024655707,0.007825577,0.0,0.014364443,0.0,0.017237632,0.043129332,0.0,0.14761491,0.0,0.0,0.0,0.0,0.0,0.04938955,0.034550644,0.0,0.0,0.07383798,0.088499695,0.0,0.0,0.0,0.009893391,0.0,0.0,0.11091323,0.11105647,0.08858234,0.088955194,0.0,0.0,0.020899592,0.0,0.0,0.0,0.00240794,0.0,0.03258203,0.02625011,0.0
0.028266078,0.0,0.11034795,0.0,0.019627512,0.0068949726,0.0,0.028218418,0.0,0.0,0.09966789,0.018756013,0.0068564992,0.0,0.014442664,0.0,0.017007278,0.04340619,0.0,0.14657594,0.0,0.0,0.0,0.0,0.0,0.04902143,0.03474509,0.0,0.0,0.074049205,0.088337526,0.0,0.0,0.0,0.0099144755,0.0,0.0,0.11048973,0.1105624,0.088470414,0.089083575,0.0,0.0,0.0210201,0.0,0.0,0.0,0.0016951244,0.0,0.033540618,0.027810395,0.0
0.031023659,0.0,0.103600584,0.0,0.017296344,0.0062392736,0.0,0.031064287,0.0,0.0,0.0934754,0.016448744,0.006200146,0.0,0.0144016985,0.0,0.016860534,0.04264489,0.0,0.145013,0.0,0.0,0.0,0.0,0.0,0.04895414,0.034996387,0.0,0.0,0.07363039,0.08766898,0.0,0.0,0.0,0.010396896,0.0,0.0,0.109569296,0.1097095,0.08838558,0.08929685,0.0,0.0,0.021551438,0.0,0.0,0.0,0.0010438301,0.0,0.034348987,0.029210314,0.0
0.035837926,0.000608813,0.09715259,0.0,0.015788484,0.0056399372,0.0,0.03598082,0.0005024029,0.00068761036,0.08707438,0.014959909,0.005597253,0.0,0.01424393,0.0,0.016821906,0.041291524,0.0,0.14359105,0.0,0.0,0.0,0.0,0.0,0.048362732,0.034274686,0.0,0.0,0.0725634,0.08641887,0.0,0.0,0.0,0.011069549,0.0,0.0,0.10854756,0.10887739,0.088680886,0.0899238,0.0,0.0,0.022246242,0.0,0.0,0.0,0.0005875295,0.0,0.035687055,0.031091789,0.0
0.039350875,0.0041319616,0.09247281,0.0,0.014619812,0.005194613,0.0,0.039588723,0.003990055,0.0056526195,0.08214098,0.013785735,0.0051450175,0.0,0.01387827,0.0,0.016788613,0.039705362,0.0,0.14212918,0.0,0.0,0.0,0.0,0.0,0.047313407,0.032929093,0.0,0.0,0.07089264,0.08459534,0.0,0.0,0.0,0.011503659,0.0,0.0,0.107065424,0.10759803,0.08871268,0.090267755,0.0,0.0,0.023032308,0.0,0.0,0.0,0.00021710247,0.0,0.036709376,0.03247116,0.0
0.043004196,0.0075560175,0.09173946,0.0,0.013240283,0.0049462887,0.0,0.043317527,0.007410722,0.004476592,0.0810032,0.012337318,0.004889145,0.0,0.013478022,0.0,0.016734041,0.038222812,0.0,0.14071098,0.0,0.0,0.0,0.0,0.0,0.045645233,0.030914662,0.0,0.0,0.06938894,0.08292389,0.0,0.0,0.0,0.011744023,0.0,0.0,0.105901934,0.10662321,0.08893065,0.09076305,0.0,0.0,0.02400393,0.0,0.0,0.0,6.284192e-05,0.0,0.037735965,0.033792026,0.0
0.045870826,0.010010836,0.09425796,0.0,0.012710139,0.0049890066,0.0,0.046248738,0.009874613,0.0,0.08311455,0.011745371,0.004922158,0.0,0.0129592,0.0,0.01668067,0.03673204,0.0,0.13925937,0.0,0.0,0.0,0.0,0.0,0.044014078,0.029061306,0.0,0.0,0.06831063,0.08176775,0.0,0.0,0.0,0.011741739,0.0,0.0,0.10475069,0.105591945,0.08895564,0.0910077,0.0,0.0,0.025208987,0.0,0.0,0.0,0.00014765747,0.0,0.038406085,0.034656126,0.0
0.047046132,0.01134606,0.09961322,0.0,0.013592992,0.0053263395,0.0,0.04748598,0.011227498,0.0,0.08803019,0.012598548,0.0052486393,0.0,0.012280381,0.0,0.01660715,0.035114706,0.0,0.13742325,0.0,0.0,0.0,0.0,0.0,0.04297497,0.027835188,0.0,0.0,0.06748675,0.080984816,0.0,0.0,0.0,0.0116734225,0.0,0.0,0.10328717,0.10419418,0.088553704,0.090740815,0.0,0.0,0.026198871,0.0,0.0,0.0,0.00043350738,0.0,0.038691718,0.034953807,0.0
0.04594522,0.011724101,0.108324535,0.0,0.015065912,0.0057666427,0.0,0.046428666,0.011639833,0.0,0.09604279,0.014051093,0.0056762598,0.0,0.011438527,0.0,0.016470775,0.033735566,0.0,0.13620934,0.0,0.0,0.0,0.0,0.0,0.042218883,0.026751073,0.0,0.0,0.06663422,0.08026091,0.0,0.0,0.0,0.011481196,0.0,0.0,0.101846054,0.102787696,0.088021025,0.09028309,0.0,0.0,0.026821675,0.0,0.0,0.0,0.0008249488,0.0,0.039191566,0.035233904,0.0
0.043261193,0.011436589,0.12091656,0.0,0.01747102,0.0063272337,0.0,0.043765157,0.011410403,0.0,0.107630506,0.016410463,0.0062206006,0.0,0.010389996,0.0,0.01619599,0.032385975,0.0,0.1353406,0.0,0.0,0.0,0.0,0.0,0.042347018,0.02670368,0.0,0.0,0.065543056,0.07933569,0.0,0.0,0.0,0.011210976,0.0,0.0,0.09994522,0.10086567,0.08678373,0.08897732,0.0,0.0,0.027116269,0.0,0.0,0.0,0.0011087591,0.0,0.039222907,0.03479217,0.0
0.040406637,0.011107687,0.13555011,0.0,0.018412776,0.0068103685,0.0,0.040904053,0.011158496,0.0,0.12113151,0.017293949,0.0066863964,0.0,0.009303624,0.0,0.015850497,0.030891474,0.0,0.13473327,0.0,0.0,0.0,0.0,0.0,0.043301,0.027748842,0.0,0.0,0.06443208,0.078436196,0.0,0.0,0.0,0.011078201,0.0,0.0,0.097932726,0.09877157,0.08495419,0.08684847,0.0,0.0,0.026940072,0.0,0.0,0.0,0.0012178151,0.0,0.039177395,0.034084883,0.0
0.036260843,0.009551556,0.15003988,0.0,0.016470917,0.0071767885,0.0,0.036713243,0.009686291,0.0,0.13460083,0.015347134,0.007036539,0.0,0.008280364,0.0,0.015524472,0.02959472,0.0,0.13447396,0.0,0.0,0.0,0.0,0.0,0.044962104,0.029718973,0.0,0.0,0.06336123,0.07757674,0.0,0.0,0.0,0.010934658,0.0,0.0,0.0959062,0.09652878,0.08270172,0.08414973,0.0,0.0,0.026617184,0.0,0.0,0.0,0.0013603708,0.0,0.03909316,0.033243142,0.0
0.03023126,0.0066940067,0.16305141,0.0,0.010774158,0.0073047373,0.0,0.030608581,0.006901201,0.0,0.1470224,0.009645775,0.0071555944,0.0,0.0076141665,0.0,0.015202975,0.028856207,0.0,0.1345325,0.0,0.0,0.0,0.0,0.0,0.04639238,0.031662412,0.0,0.0,0.06273407,0.0771039,0.0,0.0,0.0,0.010835104,0.0,0.0,0.09459719,0.09490813,0.08078996,0.08174877,0.0,0.0,0.02619004,0.0,0.0,0.0,0.0016222699,0.0,0.03936956,0.03296187,0.0
0.026283527,0.0053154714,0.17493214,0.0,0.0006897822,0.0070057157,0.0,0.026559822,0.0056010745,0.0,0.15862171,0.0,0.006855794,0.0,0.0076656574,0.0,0.014991284,0.029476875,0.0,0.13562112,0.0,0.0,0.0,0.0,0.0,0.04662685,0.032361858,0.0,0.0,0.063252404,0.077683836,0.0,0.0,0.0,0.010813322,0.0,0.0,0.09534716,0.095325924,0.080456644,0.08110068,0.0,0.0,0.026600024,0.0,0.0,0.0,0.0022432925,0.0,0.04080007,0.03430082,0.0
0.02405455,0.005472091,0.18465467,0.0,0.0,0.006428035,0.0,0.024261823,0.005820293,0.0,0.16839634,0.0,0.0062827505,0.0,0.00836012,0.0,0.014912019,0.0306596,0.0,0.13658659,0.0,0.0,0.0,0.0,0.0,0.045566782,0.031646773,0.0,0.0,0.06486882,0.07934627,0.0,0.0,0.0,0.01108068,0.0,0.0,0.097464725,0.09716295,0.08125287,0.081723705,0.0,0.0,0.02800631,0.0,0.0,0.0,0.0031592734,0.0,0.042604245,0.036394592,0.0
0.023794333,0.0065617524,0.19084674,0.0,0.0,0.0056731277,0.0,0.02396884,0.006944203,0.0,0.1746972,0.0,0.005533115,0.0,0.009371097,0.0,0.015041117,0.03215311,0.0,0.13720398,0.0,0.0,0.0,0.0,0.0,0.043230485,0.0292195,0.0,0.0,0.06715812,0.08168927,0.0,0.0,0.0,0.011425752,0.0,0.0,0.1004235,0.09993461,0.0827977,0.08325446,0.0,0.0,0.030271117,0.0,0.0,0.0,0.0042253276,0.0002172282,0.044246934,0.03847943,0.0
0.024657696,0.008138295,0.19546552,0.0,0.0,0.005193882,0.0,0.024839662,0.008525002,0.0,0.17941464,0.0,0.0050518345,0.0,0.010227981,0.0,0.015262082,0.033701025,0.0,0.13744599,0.0,0.0,0.0,0.0,0.0,0.0403995,0.025860624,0.0,0.0,0.069381416,0.08387171,0.0,0.0,0.0,0.011503975,0.0,0.0,0.103250906,0.10267337,0.08448702,0.08506487,0.0,0.0,0.03282097,0.0,0.0,0.0,0.0052909246,0.0013796864,0.045192383,0.03991111,0.0
0.02879148,0.011577542,0.19940923,0.0,0.0,0.004953461,0.0,0.028997438,0.011958882,0.0,0.18315314,0.0,0.0048014857,0.0,0.010841197,0.0,0.015496746,0.034961566,0.0,0.13742921,0.0,0.0,0.0,0.0,0.0,0.03736175,0.022158992,0.0,0.00036760094,0.071220376,0.0855637,0.0,0.0,0.0,0.011555024,0.0,0.0,0.1057809,0.10525252,0.08631189,0.08703787,0.0,0.0,0.034810144,0.0,0.0,0.0,0.0061781025,0.0023106718,0.046270836,0.04139362,0.0
0.033755865,0.015605396,0.20188946,0.0,0.0,0.004823545,0.0,0.033988647,0.015981205,0.0,0.18521827,0.0,0.004656152,0.0,0.0110980915,0.0,0.01572047,0.03543319,0.0,0.13725726,0.0,0.0,0.0,0.0,0.0,0.03499008,0.019228153,0.0,0.00080649136,0.07218541,0.08634508,0.0,0.0,0.0,0.011748672,0.0,0.0,0.107042864,0.10661349,0.0877762,0.08862698,0.0,0.0,0.036054563,0.0,0.0,0.0,0.0068629244,0.002880807,0.04777055,0.043085936,0.0
0.03623954,0.01699274,0.20061187,0.0,0.0,0.004830215,0.0,0.036483597,0.017342132,0.0,0.18371664,0.0,0.0046518007,0.0,0.011044623,0.0,0.015900735,0.035135403,0.0,0.13614587,0.0,0.0,0.0,0.0,0.0,0.033557218,0.017668877,0.0,0.0011691335,0.07215668,0.08620715,0.0,0.0,0.0,0.012014381,0.0,0.0,0.10625687,0.1059272,0.08798351,0.0888475,0.0,0.0,0.036117632,0.0,0.0,0.0,0.0072595635,0.0030939337,0.048749365,0.044005305,0.0
0.035598915,0.015034055,0.1960884,0.0,0.0,0.0049904333,0.0,0.035818152,0.015335128,0.0,0.17942333,0.0,0.00480963,0.0,0.010906705,0.0,0.016102906,0.035397526,0.0,0.13481744,0.0,0.0,0.0,0.0,0.0,0.032925643,0.017101228,0.0,0.0013140119,0.07176629,0.0857192,0.0,0.0,0.0,0.01196803,0.0,0.0,0.10463484,0.10436268,0.0875774,0.08848682,0.0,0.0,0.035576243,0.0,0.0,0.0,0.007525635,0.0032880828,0.048879564,0.044067167,0.0
0.03438086,0.012053926,0.1912596,0.0,0.0,0.005301824,0.0,0.034553956,0.012306029,0.0,0.17506646,0.0,0.0051296526,0.0,0.0109366495,0.0,0.016285466,0.036300465,0.0,0.13307178,0.0,0.0,0.0,0.0,0.0,0.032783397,0.017212728,0.0,0.0012479508,0.07131485,0.085138984,0.0,0.0,0.0,0.011753124,0.0,0.0,0.103056006,0.102893315,0.08713687,0.08813821,0.0,0.0,0.034563962,0.0,0.0,0.0,0.007688259,0.003556788,0.04849259,0.043692127,0.0
0.03475754,0.010301733,0.18663757,0.0,0.0,0.0053224335,0.0,0.034879923,0.010521673,0.0,0.17076126,0.0,0.0051673935,0.0,0.011139643,0.0,0.016408736,0.037228927,0.0,0.13140899,0.0,0.0,0.0,0.0,0.0,0.032803558,0.017578231,0.0,0.0011574193,0.07079846,0.084438294,0.0,0.0,0.0,0.011483297,0.0,0.0,0.10187872,0.10188407,0.08718651,0.088360935,0.0,0.0,0.033514433,0.0,0.0,0.0,0.0076172045,0.003699839,0.048369687,0.04363403,0.0
0.03423735,0.008815111,0.18120399,0.0,0.0,0.0050297175,0.0,0.034332808,0.0089971395,0.0,0.16568181,0.0,0.004895106,0.0,0.011280321,0.0,0.016386764,0.0376707,0.0,0.12978843,0.0,0.0,0.0,0.0,0.0,0.03326215,0.01844251,0.0,0.00088163186,0.069855615,0.0832425,0.0,0.0,0.0,0.011081733,0.0,0.0,0.10033488,0.10050316,0.08710346,0.08846937,0.0,0.0,0.03260245,0.0,0.0,0.0,0.007103757,0.0035111923,0.04818982,0.043516193,0.0
0.03562588,0.008838171,0.17582633,0.0,0.0,0.0046601123,0.0,0.03569991,0.008986792,0.0,0.16065499,0.0,0.004545292,0.0,0.011364586,0.0,0.01623663,0.038027123,0.0,0.12820363,0.0,0.0,0.0,0.0,0.0,0.03401304,0.0196541,0.0,0.00040674908,0.06871883,0.081765786,0.0,0.0,0.0,0.01040438,0.0,0.0,0.098772205,0.099115565,0.08677991,0.08832209,0.0,0.0,0.031855077,0.0,0.0,0.0,0.006268614,0.0030423626,0.047840275,0.043262046,0.0
0.0402455,0.012255119,0.17215472,0.0,0.0,0.004297132,0.0,0.04032239,0.012400378,0.0,0.15723462,0.0,0.0041972934,0.0,0.011262804,0.0,0.01594659,0.0379879,0.0,0.12770674,0.0,0.0,0.0,0.0,0.0,0.035181146,0.021086529,0.0,0.0,0.06722903,0.07981719,0.0,0.0,0.0,0.009673803,0.0,0.0,0.09750812,0.098019406,0.08686896,0.08865286,0.0,0.0,0.031185452,0.0,0.0,0.0,0.005558041,0.0026585795,0.048583757,0.04435477,0.0
0.046066333,0.018779164,0.16899034,0.0,0.0,0.0037339458,0.0,0.046217524,0.018960197,0.0,0.15421611,0.0,0.0036450254,0.0,0.010339035,0.0,0.015368579,0.036225755,0.0,0.1274597,0.0,0.0,0.0,0.0,0.0,0.037589226,0.023759618,0.0,0.0,0.06449026,0.07666168,0.0,0.0,0.0,0.009090254,0.0,0.0,0.0948538,0.095447645,0.08583379,0.08781724,0.0,0.0,0.030601807,0.0,0.0,0.0,0.0052066753,0.0024841735,0.050439518,0.046663783,0.0
0.041114822,0.020816674,0.16204777,0.0,0.0,0.002991314,0.0,0.041444734,0.021005074,0.0,0.14790478,0.0,0.0029196837,0.0,0.007994864,0.0,0.014312229,0.031136882,0.0,0.12530774,0.0,0.0,0.0,0.0,0.0,0.04205469,0.02883664,0.0,0.0,0.059960764,0.071909025,0.0,0.0,0.0,0.008620073,0.0,0.0,0.08818202,0.08859992,0.08204639,0.08410965,0.0019405186,0.0019148085,0.0292722,0.0,0.0,0.0,0.005036451,0.0026378827,0.05149008,0.04802171,0.0
0.03409351,0.020158652,0.15326649,0.0,0.0,0.0025419802,0.0,0.034601323,0.020366985,0.0,0.13959333,0.0,0.0025196865,0.0,0.005214151,0.0,0.012925056,0.022557767,0.0,0.11823243,0.0,0.0,0.0,0.0,0.0,0.04873012,0.036898293,0.0,0.0,0.055150773,0.06720273,0.0,0.0,0.0,0.0087159425,0.0,0.0,0.07774949,0.07814191,0.077442765,0.07980129,0.011614254,0.011377003,0.025746819,0.0,0.0,0.0,0.0048765643,0.0034564123,0.05072514,0.047465906,0.0
0.04522919,0.026437059,0.15313387,0.0,0.0,0.0014651029,0.0,0.045945257,0.026795581,0.0,0.13802043,0.0,0.0015108439,0.0,0.0042269947,0.0,0.011889476,0.015974764,0.0,0.11202888,0.0,0.0,0.0,0.0,0.0,0.05403745,0.04312144,0.0,0.0,0.053174,0.06549681,0.0,0.0,0.0,0.0103743905,0.0,0.0,0.070705414,0.07151775,0.07823439,0.081718355,0.024864227,0.02441591,0.021030584,0.0,0.0,0.0,0.0040185126,0.0042047217,0.05115959,0.048658863,0.0
0.07720141,0.045431733,0.16131485,0.0,0.0,0.0,0.0,0.07823641,0.04607261,0.0,0.14320128,0.0,0.0,0.0,0.004920157,0.0,0.011600437,0.016277004,0.0,0.111190796,0.0,0.0,0.0,0.0,0.0,0.054864064,0.043449383,0.0,0.0,0.054029856,0.06643482,0.0,0.0,0.004313614,0.0140992375,0.0,0.0,0.07052437,0.07157536,0.083615184,0.088304326,0.03915552,0.03854957,0.020260524,0.0,0.0,0.0,0.002566034,0.0040142033,0.05523216,0.054254394,0.0
0.115187034,0.074176125,0.15992208,0.0,0.0,0.00011377828,0.0,0.11640921,0.07504665,0.0,0.14006716,0.0,0.00022575585,0.0,0.0046707685,0.0,0.011272766,0.018886417,0.0,0.10670093,0.0,0.0,0.0,0.0,0.0,0.054799624,0.043086488,0.0,0.0,0.05569669,0.06801358,0.0,0.0,0.00936788,0.017172411,0.0,0.0,0.06970441,0.07056633,0.08541579,0.09055865,0.059290625,0.058543015,0.025243975,0.0,0.0,0.0,0.002209437,0.0041855252,0.061711054,0.062497973,0.0
0.15384501,0.10946641,0.14674719,0.0,0.0,0.0014453167,0.0,0.15499483,0.11044679,0.0,0.12711322,0.0,0.0015409151,0.0,0.002974062,0.0,0.010590706,0.018194657,0.0,0.10008098,0.0,0.0,0.0,0.0,0.0,0.05794603,0.046129115,0.0,0.0,0.05700502,0.06883221,0.0,0.0,0.013201069,0.018921897,0.0,0.0,0.06602257,0.066635504,0.08397728,0.088880636,0.08743155,0.086621284,0.02993283,0.0,0.0,0.0,0.001900685,0.0040328745,0.068780236,0.071116835,0.0
0.20288745,0.15287887,0.122865394,0.0,0.0,0.0030026445,0.0,0.20352621,0.15387474,0.0,0.104159296,0.0,0.0030541401,0.0,0.0004282163,0.0,0.009891866,0.013974636,0.0,0.09518812,0.0008763708,0.0,0.0,0.0,0.0,0.06321043,0.051713884,0.0,0.0,0.057379127,0.068404205,0.0,0.0,0.01738581,0.020824332,0.0,0.0,0.061646745,0.06230952,0.08201575,0.086353995,0.12184805,0.121084474,0.031879663,0.0,0.0,0.0,0.00093762204,0.002940788,0.07455055,0.07758807,0.0
0.260017,0.19816804,0.08314003,0.0,0.0,0.0059842374,0.0,0.2597507,0.19903833,0.0,0.06618169,0.0,0.005980199,0.0,0.0,0.0,0.009558006,0.007663468,0.0,0.090936154,0.0076669846,0.0,0.0,0.0,0.0,0.06634839,0.056162786,0.0,0.0,0.055909228,0.06611566,0.0,0.0,0.022440128,0.023824714,0.0,0.0,0.056719217,0.057887994,0.08026381,0.084046975,0.15693629,0.15627821,0.03213421,0.0,0.0,0.0,0.0008998206,0.0026160534,0.07860273,0.081519924,0.0
0.30334646,0.22495633,0.032126788,0.0,0.0,0.011774991,0.0,0.30223787,0.22550702,0.018422425,0.01869215,0.0,0.011718018,0.0,0.0,0.0,0.010254281,0.0015689302,0.0,0.08529292,0.011478065,0.0,0.0,0.0,0.0,0.06377652,0.055956617,0.0,0.0,0.052217398,0.062058773,0.0,0.0,0.026156591,0.02685428,0.0,0.0,0.05013984,0.05221872,0.07806996,0.08151567,0.18151045,0.18092242,0.031420574,0.0,0.0,0.0,0.0031657377,0.0046345275,0.07930016,0.0815684,0.0
0.32375234,0.22823046,0.0,0.011253923,0.0,0.019268174,0.0,0.32209748,0.2283892,0.05952685,0.0,0.0,0.019181576,0.0,0.0,0.0,0.011621707,0.00010533538,0.0,0.08149582,0.010315428,0.0,0.0,0.0,0.0,0.055469323,0.049792796,0.0,0.0,0.048959818,0.058809437,0.0,0.0,0.027383639,0.028419813,0.0,0.0,0.045423493,0.04827314,0.07632518,0.08002301,0.18946825,0.18889537,0.030864017,0.0,0.0,0.0,0.006767951,0.0083769625,0.07956488,0.08160785,0.0
0.32077092,0.21725997,0.0,0.03869743,0.0,0.026101168,0.0,0.31895715,0.21702439,0.09922458,0.0,0.0,0.025999408,0.0,0.0,0.0,0.0127371615,0.004131792,0.0,0.08156559,0.0076027876,0.0,0.0,0.0,0.0,0.04756574,0.04214226,0.0,0.0,0.047382995,0.057220258,0.0,0.0,0.028170561,0.029334668,0.0,0.0,0.04428432,0.04742742,0.07476255,0.078973636,0.18852994,0.18800846,0.031497393,0.0,0.0,0.0,0.010014316,0.012136504,0.08248208,0.08498489,0.0
0.297079,0.19813368,0.0,0.06028868,0.0,0.028846923,0.0,0.29554728,0.1975766,0.12923418,0.0,0.0,0.028720632,0.0,0.0,0.0,0.012862065,0.010460401,0.0,0.08492701,0.006573718,0.0,0.0,0.0,0.0,0.042140152,0.035647884,0.0,0.0,0.047075674,0.056632243,0.0,0.0,0.029297436,0.030110575,0.0,0.0,0.045020774,0.048008688,0.07260816,0.076992325,0.18559885,0.1851761,0.031862304,0.0,0.0,0.0,0.01130938,0.013872717,0.08555345,0.088396735,0.0
0.26000246,0.17503116,0.0,0.07732399,0.0,0.027263602,0.0,0.25905573,0.17431282,0.14800608,0.0,0.0,0.027109828,0.0,0.0,0.0,0.012180207,0.014969019,0.0,0.08967473,0.008205814,0.0,0.0,0.0,0.0,0.039904065,0.032089014,0.0,0.0,0.04684504,0.05606307,0.0,0.0,0.03126439,0.031216035,0.0,0.0,0.045277238,0.047802284,0.07014881,0.07437524,0.17951643,0.17918587,0.03178956,0.0,0.0,0.0,0.011129339,0.013807905,0.086510785,0.089410424,0.0
0.21850692,0.1508914,0.0,0.09277983,0.0,0.023955237,0.0,0.21824744,0.15013209,0.16079932,0.0,0.0,0.023789158,0.0,0.0,0.0,0.011311626,0.014637504,0.0,0.093041666,0.01173032,0.0,0.0,0.0,0.0,0.039547443,0.03036588,0.0,0.0,0.045386735,0.054465804,0.0,0.0,0.03412928,0.032869454,0.0015494805,0.0,0.04268084,0.044770405,0.067342594,0.071233734,0.16937953,0.16911013,0.031282093,0.0,0.0,0.0,0.010448145,0.012933163,0.084493265,0.08736771,0.0
0.18088394,0.1279046,0.0,0.10641712,0.0,0.021387022,0.0,0.1812025,0.12714466,0.17132404,0.0,0.0,0.021231597,0.0,0.0,0.0,0.010734116,0.010153841,0.0,0.09343998,0.014861267,0.0,0.0,0.0,0.0,0.039385572,0.028794333,0.0,0.0,0.043023072,0.05211766,0.0,0.0,0.03728292,0.03480915,0.0026818505,0.0006154701,0.03836033,0.04018478,0.06476934,0.06835375,0.15537618,0.15514031,0.030478228,0.0,0.0,0.0,0.009793606,0.011958253,0.08086371,0.08378708,0.0
0.15473078,0.10963453,0.0,0.115416266,0.0,0.0199564,0.0,0.1554336,0.10887423,0.17850457,0.0,0.0,0.019831758,0.0,0.0,0.0,0.0103942845,0.0035670898,0.0,0.090672925,0.0167462,0.0,0.0,0.0,0.0,0.038978018,0.02726411,0.0,0.0,0.040327694,0.049358062,0.0,0.0,0.04021167,0.03661793,0.0032846052,0.0012427354,0.033442188,0.03514884,0.06244256,0.06581401,0.14045349,0.14023852,0.029691985,0.0,0.0,0.0,0.0092958715,0.011112575,0.07689133,0.08004722,0.0
0.13751526,0.09581651,0.0,0.12011798,0.0,0.019104317,0.0,0.13845932,0.095031686,0.18294631,0.0,0.0,0.019021658,0.0,0.0,0.0,0.01010317,0.0,0.0,0.08597571,0.016980011,0.0,0.0,0.0,0.0,0.03803304,0.025680665,0.0,0.0,0.038112536,0.04691433,0.0,0.0,0.042245734,0.037724365,0.003525869,0.0015137047,0.0296724,0.031304147,0.06054071,0.06376363,0.12722874,0.12702876,0.029112596,0.0,0.0,0.0,0.0090305675,0.0105394665,0.073761806,0.07728726,0.0
0.12499503,0.08451553,0.0,0.12350582,0.0,0.01851461,0.0,0.12608445,0.083676636,0.18703148,0.0,0.0,0.018474879,0.0,0.0,0.0,0.0097544575,0.0,0.0,0.08020977,0.015949853,0.0,0.0,0.0,0.0,0.037157252,0.02448985,0.0,0.0,0.03639212,0.04484748,0.0,0.0,0.043105572,0.037938897,0.0034141326,0.0014298251,0.026654158,0.028186569,0.05839733,0.06144557,0.11662754,0.11644124,0.028929558,0.0,0.0,0.0,0.009106906,0.010343337,0.071099974,0.07497255,0.0
