EyeBlinkLeft,EyeLookDownLeft,EyeLookInLeft,EyeLookOutLeft,EyeLookUpLeft,EyeSquintLeft,EyeWideLeft,EyeBlinkRight,EyeLookDownRight,EyeLookInRight,EyeLookOutRight,EyeLookUpRight,EyeSquintRight,EyeWideRight,JawForward,JawRight,JawLeft,JawOpen,MouthClose,MouthFunnel,MouthPucker,MouthRight,MouthLeft,MouthSmileLeft,MouthSmileRight,MouthFrownLeft,MouthFrownRight,MouthDimpleLeft,MouthDimpleRight,MouthStretchLeft,MouthStretchRight,MouthRollLower,MouthRollUpper,MouthShrugLower,MouthShrugUpper,MouthPressLeft,MouthPressRight,MouthLowerDownLeft,MouthLowerDownRight,MouthUpperUpLeft,MouthUpperUpRight,BrowDownLeft,BrowDownRight,BrowInnerUp,BrowOuterUpLeft,BrowOuterUpRight,CheekPuff,CheekSquintLeft,CheekSquintRight,NoseSneerLeft,NoseSneerRight,TongueOut
0.012102707,0.03436483,0.098519616,0.0,0.0,0.0,0.0,0.011624666,0.034620993,0.0,0.059612863,0.0,0.0,0.0,0.006126944,0.0,0.0,0.007748937,0.008192573,0.01391909,0.029665068,0.0,0.0,0.035336208,0.019119775,0.0,0.0,0.014659337,0.015937733,0.09822113,0.11136807,0.011583333,0.0,0.02542717,0.014684327,0.04549733,0.039610457,0.029695934,0.031308345,0.009501866,0.008236397,0.0,0.0,0.07060455,0.0,0.0,0.027504921,0.016265716,0.014133106,0.038240153,0.038726322,4.3666666e-09
0.012602019,0.034113463,0.097629175,0.0,0.0,0.0,0.0,0.012123596,0.034366086,0.0,0.058807664,0.0,0.0,0.0,0.006216369,0.0,0.0,0.007854999,0.008362748,0.014319353,0.029945042,0.0,0.0,0.0367847,0.02070098,0.0,0.0,0.014900031,0.016181167,0.09884488,0.111848086,0.011723589,0.0,0.026055321,0.01502031,0.046003647,0.040074278,0.030165382,0.031796396,0.009861678,0.008557721,0.0,0.0,0.0706671,0.0,0.0,0.02770654,0.016545502,0.014364348,0.0389117,0.03941074,4.1666666e-09
0.013068226,0.03400732,0.096892655,0.0,0.0,0.0,0.0,0.01258983,0.03425746,0.0,0.058144182,0.0,0.0,0.0,0.0063142106,0.0,0.0,0.007974625,0.008548179,0.01473304,0.030223537,0.0,0.0,0.038291313,0.022337778,0.0,0.0,0.0151661495,0.016453378,0.09949659,0.1123655,0.011892845,0.0,0.026682299,0.015360553,0.04652593,0.04055072,0.030670675,0.03231873,0.010246011,0.008902284,0.0,0.0,0.07075809,0.0,0.0,0.027911939,0.01684796,0.014616983,0.039574288,0.04009329,3.8166665e-09
0.013496828,0.033949587,0.096835606,0.0,0.0,0.0,0.0,0.013018858,0.03419925,0.0,0.058120202,0.0,0.0,0.0,0.006416113,0.0,0.0,0.0080980975,0.008733346,0.015133928,0.030498946,0.0,0.0,0.03977888,0.023941437,0.0,0.0,0.01543498,0.016729534,0.10014973,0.11288794,0.012074911,0.0,0.027306385,0.015708406,0.047045685,0.04102485,0.031167608,0.03282899,0.010626304,0.009242748,0.0,0.0,0.0708846,0.0,0.0,0.028117782,0.017165631,0.014883978,0.040196817,0.040740933,3.3e-09
0.01386626,0.03396416,0.09812482,0.0,0.0,0.0,0.0,0.013390002,0.034217205,0.0,0.059354503,0.0,0.0,0.0,0.006508923,0.0,0.0,0.008210076,0.008898357,0.015486727,0.030764636,0.0,0.0,0.040990602,0.025141645,0.0,0.0,0.015676577,0.01697672,0.10071554,0.11335891,0.012248231,0.0,0.027906956,0.016054155,0.047536604,0.04147253,0.031600125,0.033272248,0.010969899,0.009548657,0.0,0.0,0.07103336,0.0,0.0,0.028319295,0.017472528,0.015144143,0.040743135,0.041310854,2.8333333e-09
0.014149618,0.0341523,0.100642085,0.0,0.0,0.0,0.0,0.013677705,0.03441282,0.0,0.06172827,0.0,0.0,0.0,0.0065883584,0.0,0.0,0.008306872,0.009037667,0.015776228,0.030992793,0.0,0.0,0.041783378,0.025861992,0.0,0.0,0.015882209,0.017185353,0.10119867,0.113762,0.012399417,0.0,0.028434828,0.016367394,0.04796674,0.041862756,0.031957243,0.03363692,0.011265073,0.009809591,0.0,0.0,0.07118582,0.0,0.0,0.028496983,0.017746909,0.015378281,0.041192356,0.04178156,2.4333333e-09
0.014345028,0.034576047,0.10395038,0.0,0.0,0.0,0.0,0.0138802845,0.034847386,0.0,0.064828984,0.0,0.0,0.0,0.0066514993,0.0,0.0,0.008386691,0.009149676,0.015992928,0.031171955,0.0,0.0,0.042310636,0.026298191,0.0,0.0,0.016048057,0.017349778,0.10159611,0.11408752,0.012519981,0.0,0.028863786,0.016629713,0.048310082,0.04217268,0.0322284,0.033911586,0.011501686,0.010015637,0.0,0.0,0.07131285,0.0,0.0,0.028638681,0.017979614,0.015577934,0.041541435,0.04214844,2.0833333e-09
0.014450486,0.035166103,0.10783036,0.0,0.0,0.0,0.0,0.013995992,0.035450637,0.0,0.068454355,0.0,0.0,0.0,0.0066954945,0.0,0.0,0.008453294,0.009239033,0.016146516,0.03129909,0.0,0.0,0.04262877,0.026500179,0.0,0.0,0.01617016,0.017468236,0.10189149,0.11433028,0.012600254,0.0,0.029154835,0.016813163,0.04854345,0.042379532,0.032418467,0.03410214,0.011680853,0.010169895,0.0,0.0,0.071411155,0.0,0.0,0.028739667,0.018158432,0.015733078,0.041785166,0.042407487,1.7833334e-09
0.014461477,0.035855114,0.11170373,0.0,0.0,0.0,0.0,0.014020064,0.036153406,0.0,0.07206441,0.0,0.0,0.0,0.0067228987,0.0,0.0,0.0085085435,0.009311144,0.01624515,0.031347517,0.0,0.0,0.04281614,0.026545396,0.0,0.0,0.016255438,0.017547188,0.10209884,0.11450279,0.012634581,0.0,0.029270727,0.016889919,0.04864501,0.042464525,0.032549225,0.034228683,0.011810992,0.010281009,0.0,0.0,0.07149734,0.0,0.0,0.028778186,0.018285125,0.015845386,0.041939005,0.04257767,1.4666667e-09
0.014410579,0.03656623,0.1149888,0.0,0.0,0.0,0.0,0.013983806,0.03687689,0.0,0.07511443,0.0,0.0,0.0,0.006733302,0.0,0.0,0.008558491,0.009374475,0.016305827,0.031322043,0.0,0.0,0.042892087,0.026455676,0.0,0.0,0.016312184,0.017596176,0.10220713,0.11459789,0.012629105,0.0,0.029210329,0.016856357,0.048622675,0.042432226,0.032637287,0.03431047,0.011907786,0.010364332,0.0,0.0,0.07154934,0.0,0.0,0.02875702,0.018358735,0.01591373,0.042017955,0.04267664,1.2e-09
0.014339875,0.037557393,0.11762947,0.0,0.0,0.0,0.0,0.013927606,0.037880387,0.0,0.07754654,0.0,0.0,0.0,0.0067359367,0.0,0.0,0.008614239,0.009443452,0.016359903,0.031251132,0.0,0.0,0.042907342,0.026287118,0.0,0.0,0.016355772,0.017633881,0.102252364,0.11465563,0.01259788,0.0,0.029012417,0.016733455,0.048507676,0.042311065,0.032721207,0.034386538,0.011996991,0.010443953,0.0,0.0,0.071581155,0.0,0.0,0.02869477,0.018406505,0.015962373,0.042077884,0.042766698,9.333333e-10
0.014296417,0.038522303,0.11970421,0.0,0.0,0.0,0.0,0.013896529,0.038856182,0.0,0.07945452,0.0,0.0,0.0,0.0067283474,0.0,0.0,0.0086685065,0.009508837,0.016401822,0.031176927,0.0,0.0,0.042870756,0.026059993,0.0,0.0,0.016385444,0.017659236,0.10223284,0.114668265,0.0125511475,0.0,0.02875155,0.016569337,0.048361726,0.042159576,0.032781955,0.034440212,0.012067208,0.010508703,0.0,0.0,0.07159093,0.0,0.0,0.028629716,0.018435417,0.015995486,0.042133685,0.04286395,7.666667e-10
0.014290523,0.039164316,0.12086197,0.0,0.0,0.0,0.0,0.0139005035,0.039504852,0.0,0.08051655,0.0,0.0,0.0,0.0067111175,0.0,0.0,0.008713249,0.009561559,0.016429389,0.03112871,0.0,0.0,0.04279373,0.02580537,0.0,0.0,0.016402302,0.01767403,0.10215277,0.11463279,0.012502346,0.0,0.028505018,0.016415505,0.048237223,0.04202664,0.032810323,0.034465525,0.012117751,0.010558614,0.0,0.0,0.07156745,0.0,0.0,0.02859115,0.018451745,0.016019996,0.042183716,0.042969417,7e-10
0.01432624,0.038973246,0.11167079,0.0,0.0,0.0,0.0,0.013943454,0.03928811,0.0,0.07185566,0.0,0.0,0.0,0.0066911816,0.0,0.0,0.008740074,0.00959485,0.016443368,0.031136027,0.0,0.0,0.042719923,0.025608215,0.0,0.0,0.016415788,0.01768914,0.10202468,0.11455368,0.012470921,0.0,0.028345462,0.016319677,0.048192043,0.041966062,0.03281936,0.034479868,0.012150178,0.010595604,0.0,0.0,0.07146962,0.0,0.0,0.028606446,0.018476935,0.016062103,0.042231876,0.04309533,7e-10
0.014417279,0.033743333,0.0918724,0.0021184275,0.0,0.0,0.0,0.014038915,0.033973295,0.013761791,0.058754023,0.0,0.0,0.0,0.0066781268,0.0,0.0,0.008750602,0.0096175745,0.016479539,0.031224981,0.0,0.0,0.04270149,0.025644438,0.0,0.0,0.016433593,0.017717056,0.10184273,0.11443396,0.012473777,0.0,0.028307255,0.016312437,0.04825531,0.042006403,0.032856703,0.034536876,0.012196093,0.010652571,0.0,0.0,0.0712854,0.0,0.0,0.028695531,0.018555505,0.016181692,0.042281628,0.04325662,7.3333334e-10
0.014520607,0.028102057,0.0720766,0.011701872,0.0,0.0,0.0,0.014145538,0.028235491,0.03521092,0.045659356,0.0,0.0,0.0,0.0066780117,0.0,0.0,0.008736949,0.009623735,0.016537447,0.03141984,0.0,0.0,0.042753726,0.02604795,0.0,0.0,0.016450426,0.017754046,0.10164133,0.11431952,0.0125135705,0.0,0.028439187,0.016425075,0.0484431,0.04216447,0.032930568,0.0346478,0.012251882,0.010729255,0.0,0.0,0.07103053,0.0,0.0,0.028873364,0.01869154,0.016396672,0.042318832,0.0434437,7.666667e-10
0.014616352,0.022856759,0.051821735,0.022071172,0.0,0.0,0.0,0.014244276,0.022886392,0.057481196,0.03214297,0.0,0.0,0.0,0.0066889054,0.0,0.0,0.008694881,0.009607064,0.016606312,0.031729266,0.0,0.0,0.04286502,0.026804429,0.0,0.0,0.016459951,0.017792871,0.10140693,0.11418811,0.012595227,0.0,0.028891496,0.016678452,0.048768327,0.042451177,0.033020366,0.034793235,0.012309999,0.010818533,0.0,0.0,0.07069467,0.0,0.0,0.029147588,0.018871797,0.016696617,0.04231406,0.043621268,7.8333334e-10
0.014641437,0.018764475,0.031089181,0.031824406,0.0,0.0,0.0,0.014274508,0.018683497,0.079143144,0.018179733,0.0,0.0,0.0,0.006716239,0.0,0.0,0.008633692,0.009578289,0.016701773,0.03213725,0.0,0.0,0.0430915,0.028247992,0.0,0.0,0.016467817,0.017840063,0.101167165,0.11407168,0.012720066,0.0,0.029692855,0.017066382,0.04920423,0.042841595,0.03314593,0.03499103,0.012391441,0.010940105,0.0,0.0,0.07029483,0.0,0.0,0.029493732,0.019103672,0.017090816,0.042268384,0.043788802,7.5e-10
0.014569286,0.015433917,0.01061215,0.04101964,0.0,0.0,0.0,0.0142105175,0.0152422525,0.100231715,0.004451915,0.0,0.0,0.0,0.0067671863,0.0,0.0,0.008553511,0.009536773,0.0168208,0.032622363,0.0,0.0,0.04379694,0.030785793,0.0,0.0,0.016483357,0.017903961,0.10096589,0.113999434,0.012895939,0.0,0.031369314,0.017872568,0.049785554,0.043350816,0.033320345,0.035248294,0.01251411,0.011107727,0.0,0.0,0.06986181,0.0,0.0,0.029890835,0.019394364,0.017583592,0.042185433,0.043944336,6.6666667e-10
0.014407512,0.013219662,0.0,0.049920127,0.0,0.0,0.0,0.014059851,0.012946369,0.12101616,0.0,0.0,0.0,0.0,0.0068504256,0.0,0.0,0.008449587,0.009472635,0.016951773,0.033242524,0.0,0.0,0.045060385,0.034035698,0.0,0.0,0.016497232,0.017971482,0.10084868,0.11401299,0.01312562,0.0,0.034896564,0.019850094,0.050816268,0.044286367,0.033533048,0.035549693,0.0126869595,0.011326784,0.0,0.0,0.06944834,0.0,0.0,0.03034942,0.019753456,0.018176703,0.042068526,0.044078242,5.5e-10
0.014152044,0.015971841,0.0,0.054232415,0.0,0.0,0.0,0.013818144,0.015681306,0.12551236,0.0,0.0,0.0,0.0,0.0069638677,0.0,0.0,0.008322883,0.00937677,0.017067883,0.03399173,0.0,0.0,0.04677243,0.03777967,0.0,0.0,0.016510434,0.018040562,0.100865655,0.11415308,0.013407723,0.0,0.03953409,0.022624537,0.052278467,0.045627058,0.03374551,0.035848867,0.012893009,0.011578168,0.0,0.0,0.06909169,0.0,0.0,0.030859629,0.020156246,0.018843755,0.04193466,0.04419805,4.1666667e-10
0.013822379,0.020628804,0.0,0.050371315,0.0,0.0,0.0,0.013503875,0.020328853,0.121604525,0.0,0.0,0.0,0.0,0.007105039,0.0,0.0,0.008166777,0.009236657,0.017151564,0.034852643,0.0,0.0,0.048712756,0.041564755,0.0,0.0,0.016525988,0.018112,0.101008326,0.11439445,0.013744919,0.0,0.045360003,0.02633017,0.054234605,0.047453385,0.033936597,0.03611841,0.013130785,0.011856794,0.0,0.0,0.06877317,0.0,0.0,0.031425625,0.020597052,0.019551845,0.04179122,0.044307906,3e-10
0.013456492,0.024392186,0.0,0.053399276,0.0,0.0,0.0,0.01315408,0.024067726,0.12468256,0.0,0.0,0.0,0.0,0.007282705,0.0,0.0,0.007980699,0.009051357,0.01719937,0.03578667,0.0,0.0,0.051275216,0.04593377,0.0,0.0,0.016543198,0.018183475,0.101301946,0.1147601,0.014129387,0.0,0.051848408,0.030675258,0.05644017,0.049575143,0.03411846,0.03636714,0.013400078,0.01216196,0.0,0.0,0.06850651,0.0,0.0,0.032010015,0.021174911,0.020590916,0.041674294,0.04444301,2.1666667e-10
0.013060076,0.025196424,0.0,0.069817476,0.0,0.0,0.0,0.012773953,0.02483248,0.14133821,0.0,0.0,0.0,0.0,0.0075050774,0.0,0.0,0.007771214,0.008828682,0.017210623,0.03681167,0.0,0.0,0.05450721,0.05083058,0.0,0.0,0.016553096,0.018245291,0.10171452,0.11522436,0.014552771,0.0,0.058448132,0.03525913,0.058726303,0.05180373,0.034295585,0.036596652,0.01368281,0.012477799,0.0,0.0,0.06824584,0.0,0.0,0.03259275,0.022019312,0.0221372,0.041580986,0.044602018,1.6666667e-10
0.012525298,0.024373967,0.0,0.095582046,0.0,0.0,0.0,0.012266836,0.023963252,0.16744055,0.0,0.0,0.0,0.0,0.0077752126,0.0,0.0,0.007548516,0.008579617,0.017200185,0.037869498,0.0,0.0,0.057559647,0.055088706,0.0,0.0,0.01654688,0.018286368,0.10224694,0.11578269,0.015009684,0.0,0.06445333,0.039677702,0.060947906,0.054019734,0.03446753,0.036805313,0.013967148,0.01279505,0.0,0.0,0.06796878,0.0,0.0,0.033158813,0.023020655,0.0240408,0.041509748,0.044784356,2e-10
0.01188007,0.02316798,0.0,0.12357663,0.0,0.0,0.0,0.011656926,0.02270741,0.19580436,0.0,0.0,3.4041334e-06,0.0,0.008074497,0.0,0.0,0.007331125,0.008326849,0.017179798,0.038865127,0.0,0.0,0.060254745,0.05888429,0.0,0.0,0.016538484,0.01832038,0.10282119,0.11635748,0.015476485,0.0,0.06872114,0.043043114,0.06274984,0.055862475,0.03463288,0.03699192,0.014236187,0.013096909,0.0,0.0,0.06764426,0.0,0.0,0.033691,0.024091309,0.026064022,0.041478038,0.04500546,3.1666667e-10
0.011175443,0.020740284,0.0,0.15384533,0.0,0.000108003136,0.0,0.010989,0.020236798,0.22648065,0.0,0.0,0.0001251757,0.0,0.008395009,0.0,0.0,0.0071323025,0.008091169,0.017165832,0.03976336,0.0,0.0,0.0625485,0.062147863,0.0,0.0,0.016523745,0.018342467,0.10342071,0.11692717,0.015936332,0.0,0.071876116,0.0456297,0.0640763,0.057279214,0.034804273,0.03717373,0.014488514,0.01338208,0.0,0.0,0.06727005,0.0,0.0,0.034158945,0.02518777,0.028106842,0.041482005,0.045255803,4.6666665e-10
0.010432406,0.016246354,0.0,0.18467739,0.0,0.00033335047,0.0,0.01028224,0.015709143,0.2577002,0.0,0.0,0.00036547007,0.0,0.00873156,0.0,0.0,0.006969435,0.007896092,0.017181534,0.040564273,0.0,0.0,0.06460442,0.0651263,0.0,0.0,0.016497701,0.01834793,0.10401672,0.11748155,0.016376799,0.0,0.07376355,0.047244005,0.064841144,0.058161434,0.034997657,0.037372418,0.014726961,0.0136527615,0.0,0.0,0.06686963,0.0,0.0,0.034549307,0.026291125,0.03014024,0.04153016,0.045535985,6.5e-10
0.009653737,0.012103865,0.0,0.20562276,0.0,0.00065115734,0.0,0.009539158,0.011554333,0.27887273,0.0,0.0,0.0006990479,0.0,0.009057339,0.0,0.0,0.0068497197,0.007753148,0.017224817,0.04124839,0.0,0.0,0.06597685,0.0672009,0.0,0.0,0.016465869,0.018342493,0.10455986,0.11798867,0.016778788,0.0,0.074648984,0.04807771,0.06522483,0.05863189,0.035199486,0.03758007,0.014944472,0.013902676,0.0,0.0,0.06641459,0.0,0.0,0.034855764,0.027261462,0.03181281,0.041595016,0.04581564,8.3333335e-10
0.008897849,0.010036518,0.0,0.21340676,0.0,0.0010532341,0.0,0.0088169975,0.00949068,0.28669503,0.0,0.0,0.0011175018,0.0,0.009343569,0.0,0.0,0.006757349,0.007644781,0.017273104,0.04177259,0.0,0.0,0.066527456,0.0680451,0.0,0.0,0.016428964,0.018327808,0.10501158,0.11841461,0.017130766,0.0,0.07484541,0.048480082,0.06537693,0.05885849,0.035373673,0.037765868,0.015133182,0.014124901,0.0,0.0,0.065936714,0.0,0.0,0.03510085,0.027939502,0.032913793,0.04167161,0.04609662,9.833333e-10
0.008327596,0.0082074115,0.0,0.21073453,0.0,0.0015504853,0.0,0.008266262,0.0076836874,0.28395322,0.0,0.0,0.0016314876,0.0,0.009570894,0.0,0.0,0.006691641,0.007569848,0.017320953,0.04221527,0.0,0.0,0.06677567,0.068419084,0.0,0.0,0.016393311,0.018313281,0.1052631,0.11867502,0.017421108,0.0,0.074524134,0.048529923,0.065402046,0.05893388,0.035509787,0.03792641,0.015287527,0.014313619,0.0,0.0,0.06544061,0.0,0.0,0.035330154,0.02841487,0.033562995,0.041748248,0.046365667,1.1333333e-09
0.00790631,0.0064383964,0.0,0.20628396,0.0,0.0021415227,0.0,0.007854252,0.0059396294,0.27941567,0.0,0.0,0.0022360727,0.0,0.0097413855,0.0,0.0,0.006644416,0.0075169355,0.017354243,0.042577747,0.0,0.0,0.0667843,0.06845769,0.0,0.0,0.016354205,0.018296573,0.10529581,0.118784495,0.01766303,0.0,0.07375676,0.04833222,0.065334015,0.05889338,0.035596624,0.038051795,0.0154033955,0.014468196,0.0,0.0,0.064945936,0.0,0.0,0.03553838,0.028740864,0.03396271,0.041785594,0.046592012,1.2333333e-09
0.0076380824,0.0060752807,0.0,0.20198043,0.0,0.002721454,0.0,0.007590186,0.005586964,0.27504772,0.0,0.0,0.0028193137,0.0,0.009851468,0.0,0.0,0.006603429,0.007471579,0.01736126,0.042898975,0.0,0.0,0.06671312,0.06832401,0.0,0.0,0.016313642,0.018279951,0.104978666,0.11865802,0.017865866,0.0,0.0727525,0.047977354,0.06526469,0.05882373,0.035629056,0.038134288,0.015485673,0.014591165,0.0,0.0,0.064426936,0.0,0.0,0.035768,0.02895038,0.03418127,0.041788258,0.046780802,1.3333333e-09
0.007535951,0.0064305,0.0,0.19728075,0.0,0.0032708307,0.0,0.007488154,0.0059460076,0.27031207,0.0,0.0,0.00337089,0.0,0.009899668,0.0,0.0,0.0065651946,0.007430517,0.017332977,0.043158546,0.0,0.0,0.06665511,0.06814235,0.0,0.0,0.016283926,0.018277844,0.10432672,0.118276544,0.018039115,0.0,0.071495466,0.047485318,0.06521507,0.05874895,0.035614833,0.038178872,0.015536059,0.0146855675,0.0,0.0,0.06387321,0.0,0.0,0.036009118,0.029057313,0.034253992,0.041750256,0.046932984,1.4e-09
0.007560318,0.007137735,0.0,0.19433117,0.0,0.0037824858,0.0,0.0075097946,0.00665127,0.2673628,0.0,0.0,0.0038839115,0.0,0.009901587,0.0,0.0,0.0065186466,0.0073781107,0.017265836,0.043380424,0.0,0.0,0.06660604,0.067944646,0.0,0.0,0.016262634,0.018287031,0.1033976,0.11762013,0.018198933,0.0,0.070140444,0.046931125,0.06522766,0.058718704,0.035554264,0.03818154,0.015554656,0.014751575,0.0,0.0,0.06330116,0.0,0.0,0.036287438,0.029081395,0.034220524,0.041646402,0.047027387,1.4166667e-09
0.0076757036,0.0077094003,0.0,0.19079638,0.0,0.0042584743,0.0,0.0076204855,0.007223546,0.26382136,0.0,0.0,0.0043605966,0.0,0.009871556,0.0,0.0,0.0064697512,0.007318657,0.017164731,0.043573108,0.0,0.0,0.0666336,0.067816414,0.0,0.0,0.016263003,0.0183213,0.10225831,0.11676484,0.018356029,0.0,0.06876188,0.046337254,0.06532385,0.058754705,0.03546448,0.0381572,0.015541424,0.014787811,0.0,0.0,0.06272665,0.0,0.0,0.03660205,0.029038813,0.03410049,0.041463256,0.047044314,1.4e-09
0.007832302,0.009162334,0.0,0.18845561,0.0,0.0046720197,0.0,0.007771557,0.008667109,0.26149702,0.0,0.0,0.004774419,0.0,0.00981981,0.0,0.0,0.00642186,0.007259858,0.017044347,0.043723915,0.0,0.0,0.06675748,0.067790456,0.0,0.0,0.016287979,0.01838292,0.10103248,0.11581184,0.018510642,0.0,0.06734111,0.045705777,0.06547624,0.05883805,0.035374433,0.038130496,0.015510743,0.014806805,0.0,0.0,0.062155962,0.0,0.0,0.03692351,0.028942036,0.033917286,0.04122543,0.047007076,1.2833333e-09
0.008020877,0.010677788,0.0,0.1847985,0.0,0.0050172564,0.0,0.007954045,0.010175123,0.25783587,0.0,0.0,0.005119608,0.0,0.009751902,0.0,0.0,0.0063741915,0.00720405,0.016913144,0.04384537,0.0,0.0,0.067017555,0.06787231,0.0,0.0,0.016333448,0.018465618,0.09982137,0.11483361,0.018657861,0.0,0.06604171,0.045064572,0.06567309,0.058957435,0.035298683,0.038114026,0.015478573,0.014820298,0.0,0.0,0.061608754,0.0,0.0,0.03724057,0.028809788,0.03369093,0.040958665,0.04693062,1.1166666e-09
0.008207412,0.012253773,0.0,0.18071215,0.0,0.005282032,0.0,0.008134701,0.01174408,0.25374633,0.0,0.0,0.0053840578,0.0,0.009673817,0.0,0.0,0.0063320193,0.007155652,0.016773079,0.043922372,0.0,0.0,0.067477,0.06806595,0.0,0.0,0.01640764,0.018578146,0.09875783,0.1139153,0.018797902,0.0,0.06473513,0.044393174,0.06588736,0.05909086,0.035247218,0.038117297,0.015441183,0.014824925,0.0,0.0,0.06109691,0.0,0.0,0.037538845,0.028646383,0.033429407,0.04066888,0.046822697,9.166667e-10
0.008417191,0.0135255875,0.0,0.1752743,0.0,0.005491323,0.0,0.008337695,0.013014398,0.24828154,0.0,0.0,0.005592732,0.0,0.009586558,0.0,0.0,0.006292453,0.0071091647,0.016622147,0.04397557,0.0,0.0,0.068191096,0.06835744,0.0,0.0,0.016505944,0.018713826,0.097836286,0.11307151,0.018924005,0.0,0.06350995,0.043709654,0.06612902,0.05924856,0.035207827,0.038128585,0.015390515,0.014812229,0.0,0.0,0.060630534,0.0,0.0,0.037831813,0.028464327,0.03314286,0.04037068,0.04669487,7e-10
0.008699946,0.014343457,0.0,0.16352373,0.0,0.0056836316,0.0,0.008601362,0.013847451,0.23640876,0.0,0.0,0.0057840273,0.0,0.009489733,0.0,0.0,0.006262763,0.0070753843,0.016475204,0.044031773,0.0,0.0,0.06954154,0.068989635,0.0,0.0,0.016632574,0.01887921,0.0970185,0.112333305,0.019031333,0.0,0.062313832,0.04300715,0.06641724,0.059444435,0.03519851,0.038169555,0.0153311975,0.014786758,0.0,0.0,0.060210887,0.0,0.0,0.038130257,0.028291037,0.032848254,0.04008004,0.0465644,5.333333e-10
0.009116287,0.01449755,0.0,0.1488479,0.0,0.005867831,0.0,0.008975568,0.014027546,0.22153993,0.0,0.0,0.005966822,0.0,0.009386045,0.0,0.0,0.006243785,0.007054599,0.016341344,0.04411878,0.0,0.0,0.07109812,0.0697296,0.0,0.0,0.016771263,0.01905601,0.096293636,0.11166738,0.019126853,0.0,0.061293546,0.04233053,0.06676252,0.059687536,0.035212148,0.038234707,0.01527343,0.014757009,0.0,0.0,0.05984354,0.0,0.0,0.038443513,0.02813071,0.03254797,0.039797742,0.04642419,4.1666667e-10
0.009630141,0.01453743,0.0,0.13270701,0.0,0.0060507525,0.0,0.009439666,0.014097397,0.20516348,0.0,0.0,0.0061479327,0.0,0.009276907,0.0,0.0,0.0062273596,0.0070344964,0.01620892,0.044231176,0.0,0.0,0.07272738,0.0704831,0.0,0.0,0.016914988,0.019236557,0.09562429,0.111056164,0.01921015,0.0,0.060458977,0.041708466,0.067171395,0.059983827,0.035226528,0.03830089,0.015210234,0.01471667,0.0,0.0,0.05954144,0.0,0.0,0.03877075,0.027982656,0.032242224,0.03951308,0.04626427,3.6666667e-10
0.010227832,0.013645467,0.0,0.118114576,0.0,0.0062664426,0.0,0.009983612,0.013238124,0.19034089,0.0,0.0,0.0063615534,0.0,0.009167152,0.0,0.0,0.006211964,0.007011755,0.016077355,0.044373624,0.0,0.0,0.07437093,0.07124833,0.0,0.0,0.017064095,0.019422079,0.09499112,0.11047855,0.019286677,0.0,0.059743166,0.04114997,0.06765305,0.060345426,0.035236903,0.038364228,0.015132957,0.014659307,0.0,0.0,0.05928347,0.0,0.0,0.039124396,0.027852004,0.031940173,0.03922003,0.046083104,3.6666667e-10
0.010856194,0.013031592,0.0,0.10472362,0.0,0.006476443,0.0,0.0105580175,0.012654105,0.1767371,0.0,0.0,0.006569293,0.0,0.009055777,0.0,0.0,0.006194049,0.0069823726,0.015939815,0.04451598,0.0,0.0,0.07583951,0.07192133,0.0,0.0,0.017213829,0.01960461,0.0944156,0.10995143,0.019353556,0.0,0.05916199,0.04066422,0.06816189,0.060733713,0.03522677,0.03840519,0.015044403,0.0145882685,0.0,0.0,0.059054554,0.0,0.0,0.03947005,0.027715076,0.031625245,0.03891102,0.04586834,4e-10
0.011448015,0.012172863,0.0,0.094199,0.0,0.0066784937,0.0,0.011098882,0.011820849,0.16603102,0.0,0.0,0.0067690313,0.0,0.00895109,0.0,0.0,0.006168462,0.0069425018,0.01580179,0.044672556,0.0,0.0,0.07705143,0.07250159,0.0,0.0,0.01735675,0.019777013,0.093905255,0.109489545,0.019415533,0.0,0.05872648,0.04028211,0.06869696,0.06114975,0.035201766,0.03843093,0.0149542475,0.014512822,0.0,0.0,0.058834553,0.0,0.0,0.039817195,0.027570646,0.031306114,0.038576543,0.045607105,4.833333e-10
0.011961243,0.011061653,0.0,0.0912403,0.0,0.0068695624,0.0,0.011575505,0.01072209,0.16298808,0.0,0.0,0.0069579487,0.0,0.008857508,0.0,0.0,0.0061297854,0.0068821856,0.015648315,0.04481036,0.0,0.0,0.07766551,0.07280172,0.0,0.0,0.017495815,0.019942014,0.0934635,0.109086946,0.019484732,0.0,0.058422185,0.040006634,0.069245,0.061586276,0.035147794,0.03842517,0.014855586,0.014427513,0.0,0.0,0.058609623,0.0,0.0,0.04015792,0.027405312,0.030980254,0.03820444,0.04528787,6e-10
0.012329293,0.010409551,0.0,0.09306033,0.0,0.0070450064,0.0,0.011932359,0.010070515,0.16481468,0.0,0.0,0.00713153,0.0,0.008775413,0.0,0.0,0.0060831914,0.0068111434,0.015483734,0.04490611,0.0,0.0,0.0780805,0.07302751,0.0,0.0,0.017638167,0.020108327,0.09310286,0.10876327,0.019549428,0.0,0.05817773,0.039782543,0.06975121,0.061996143,0.035084352,0.038404834,0.014751612,0.014338022,0.0,0.0,0.058342576,0.0,0.0,0.0404613,0.027228436,0.030664368,0.03783679,0.04496443,7e-10
0.012639392,0.009340686,0.0,0.09724489,0.0,0.0072462074,0.0,0.012238948,0.009000235,0.16905746,0.0,0.0,0.0073312195,0.0,0.008702389,0.0,0.0,0.0060525252,0.0067587346,0.015334534,0.04497819,0.0,0.0,0.07832662,0.073184766,0.0,0.0,0.01778062,0.020275738,0.092808366,0.10851359,0.019601023,0.0,0.057825346,0.03953052,0.070167445,0.062331885,0.035038266,0.0384027,0.014641572,0.014245845,0.0,0.0,0.058015764,0.0,0.0,0.04071109,0.027048051,0.030366182,0.03748964,0.04466493,7.666667e-10
0.01291506,0.008495183,0.0,0.10041801,0.0,0.0074619097,0.0,0.012514713,0.008154224,0.17228945,0.0,0.0,0.0075456635,0.0,0.0086338585,0.0,0.0,0.006051773,0.006738782,0.015203508,0.045000564,0.0,0.0,0.07841152,0.07324628,0.0,0.0,0.017932577,0.02045472,0.0925823,0.10835182,0.019634435,0.0,0.057070047,0.03909499,0.07045352,0.062551185,0.035014298,0.03842467,0.0145189855,0.014145661,0.0,0.0,0.057639018,0.0,0.0,0.040878527,0.026853504,0.030069022,0.03715956,0.04439153,8e-10
0.013205958,0.006628524,0.0,0.10240836,0.0,0.0077577163,0.0,0.012805521,0.0062948596,0.1743082,0.0,0.0,0.007840468,0.0,0.008572356,0.0,0.0,0.0060814526,0.006744349,0.015081975,0.045008548,0.0,0.0,0.07749271,0.07244375,0.0,0.0,0.018088957,0.020645238,0.09238724,0.10825774,0.019666214,0.0,0.05615739,0.038579524,0.07067934,0.06271184,0.034996863,0.03845982,0.014368386,0.014024464,0.0,0.0,0.057198383,0.0,0.0,0.041003134,0.026654866,0.029778047,0.03682534,0.04413051,8e-10
0.013526863,0.0049577956,0.0,0.10226925,0.0,0.008144333,0.0,0.01312469,0.0046810224,0.17416528,0.0,0.0,0.00822642,0.0,0.008518899,0.0,0.0,0.00614542,0.0067724707,0.014957267,0.0449862,0.0,0.0,0.07524373,0.07031582,0.0,0.0,0.018252168,0.020850252,0.09225088,0.108260594,0.019710237,0.0,0.055135056,0.038009815,0.07085467,0.06281823,0.03496633,0.03848784,0.014178585,0.013872085,0.0,0.0,0.056710005,0.0,0.0,0.041078746,0.026447352,0.029486094,0.03645584,0.043856848,7.666667e-10
0.013862962,0.0034936604,0.0,0.100950874,0.0,0.008669037,0.0,0.013457706,0.003273972,0.17282711,0.0,0.0,0.008751518,0.0,0.008483714,0.0,0.0,0.0062582456,0.0068361093,0.014851496,0.044996493,0.0,0.0,0.07012731,0.06542485,0.0,0.0,0.018403191,0.021053333,0.09221821,0.10856916,0.019776216,0.0,0.054101646,0.037445426,0.07096955,0.06285272,0.034919646,0.038511187,0.013958132,0.013698212,0.0,0.0,0.056178503,0.0,0.0,0.041119404,0.026237713,0.029204907,0.036044467,0.043562457,7e-10
0.014234805,0.0019409901,0.0,0.098105565,0.0,0.009398394,0.0,0.013823858,0.0017804678,0.16992013,0.0,0.0,0.009482616,0.0,0.008473938,0.0,0.0,0.0064265453,0.006936099,0.0147720175,0.04506706,0.0,0.0,0.06271873,0.05801367,0.0,0.0,0.018524012,0.021236386,0.09227857,0.1091854,0.019875025,0.0,0.0531213,0.036932502,0.07100849,0.06279405,0.03482786,0.03850506,0.013704915,0.01350017,0.0,0.0,0.055634942,0.0,0.0,0.04114105,0.026022514,0.028927092,0.03554993,0.043197233,6.5e-10
0.0146820955,0.0007866265,0.0,0.09406166,0.0,0.010294908,0.0,0.014256262,0.0006835646,0.1657729,0.0,0.0,0.010381701,0.0,0.008491898,0.0,3.3194e-05,0.006643214,0.0070640105,0.014722229,0.045218833,0.0,0.0,0.0539717,0.04925226,0.0,0.0,0.018604401,0.021389194,0.092436984,0.1101157,0.02000719,2.1170667e-06,0.052345816,0.03652557,0.070967294,0.06263973,0.03466734,0.038446307,0.013427258,0.013286627,0.0,0.0,0.055112686,0.0,0.0,0.041167848,0.025800625,0.0286544,0.03498388,0.04276629,6.6666667e-10
0.01577821,0.00015922176,0.0,0.08482769,0.0,0.011266316,0.0,0.015323019,0.00010943348,0.15628184,0.0,0.0,0.0113559235,0.0,0.008544837,0.0,0.0001423967,0.006913553,0.0072267316,0.014733207,0.045780763,0.0,0.0,0.04392908,0.038773615,0.0,0.0,0.01862505,0.0214899,0.09272459,0.11173361,0.020176979,1.546075e-05,0.052100584,0.036384314,0.07086629,0.062411103,0.034441836,0.03834059,0.013144438,0.013075846,0.0,0.0,0.05466458,0.0,0.0,0.041258536,0.02558379,0.02839803,0.034375597,0.042298216,7.1666667e-10
0.018511707,0.0,0.0,0.06791878,0.0,0.012263939,0.0,0.018015122,0.0,0.1357085,0.0,0.0,0.012356057,0.0,0.008622899,0.0,0.00035921895,0.0072381645,0.0074335146,0.0148424,0.047384843,0.0,0.0,0.034298792,0.028072547,0.0,0.0,0.018577253,0.021523273,0.09310681,0.113620244,0.020362936,3.9442617e-05,0.052179545,0.03642353,0.07070812,0.06210685,0.03416682,0.038202327,0.0128747085,0.012879252,0.0,0.0,0.054377466,0.0,0.0,0.041517124,0.0253973,0.028166039,0.033784036,0.04183783,8.3333335e-10
0.021714123,0.0,0.0,0.052165605,0.0,0.013201557,0.0,0.021172566,0.0,0.112824395,0.0,0.0,0.013295527,0.0,0.008726045,0.0,0.00069925125,0.007628399,0.007706342,0.015175509,0.050635803,0.0,0.0,0.025629694,0.018036403,0.0,0.0,0.018449267,0.021476695,0.09354745,0.11573071,0.020550694,7.204037e-05,0.05264972,0.036589358,0.070491366,0.061722524,0.033879023,0.038070254,0.012633838,0.012708755,0.0,0.0,0.05452021,0.0,0.0,0.04227334,0.025249572,0.027959924,0.03325783,0.041424852,9.5e-10
0.025147542,0.0,0.0,0.036800202,0.0,0.013970457,0.0,0.024559423,0.0,0.08870127,0.0,0.0,0.014064686,0.0,0.008838473,0.0,0.0012602387,0.008066775,0.008033865,0.015727673,0.055375185,0.0,0.0,0.019535994,0.010722602,0.0,0.0,0.018230269,0.02133528,0.09394345,0.11774266,0.020721622,0.0001085566,0.053760983,0.036857042,0.07023297,0.061274886,0.033573665,0.037936676,0.012426843,0.0125661595,0.0,0.0,0.055229213,0.0,0.0,0.043741778,0.025135502,0.027768286,0.03281713,0.041073017,1.0833333e-09
0.028635658,0.0,0.0,0.022080705,0.0,0.014488968,0.0,0.02800157,0.0,0.06570858,0.0,0.0,0.01458149,0.0,0.008948658,0.0,0.0020333414,0.008529744,0.00839728,0.01643734,0.06083303,0.0,0.0,0.01529592,0.005872916,0.0,0.0,0.017913695,0.021088192,0.09422074,0.11953537,0.020862015,0.00014242015,0.05524118,0.03721468,0.06996488,0.06079926,0.033253044,0.03779909,0.012256141,0.012452023,0.0,0.0,0.056395616,0.0,0.0,0.04562022,0.025050236,0.027588876,0.03246278,0.04078366,1.2e-09
0.032117482,0.0,0.0,0.0081341015,0.0,0.014790336,0.0,0.031447273,0.0,0.044040825,0.0,0.0,0.0148796495,0.0,0.009050648,0.0,0.003059729,0.009001669,0.008780131,0.017279694,0.066749424,0.0,0.0,0.012048758,0.002376484,0.0,0.0,0.017505405,0.020738117,0.09414576,0.12101199,0.020981386,0.00017219351,0.05693313,0.037665132,0.069743454,0.060346026,0.03291514,0.037651133,0.012120759,0.012363014,0.0,0.0,0.05784051,0.0,0.0,0.047832657,0.02499601,0.027419869,0.032172643,0.040528815,1.2166667e-09
0.034961645,0.0,0.0,0.0,0.0,0.014954918,0.0,0.034271374,0.0,0.029575609,0.0,0.0,0.015040162,0.0,0.0091374405,0.0,0.004222476,0.0094566215,0.009158697,0.018199822,0.072685465,0.0,0.0,0.009426902,0.0006404915,0.0,0.0,0.017010672,0.020288603,0.09380217,0.121758096,0.0210723,0.00018502999,0.058735393,0.038189244,0.06956982,0.05992411,0.032557182,0.03748619,0.012012005,0.012290627,0.0,0.0,0.059436735,0.0,0.0,0.05027845,0.024951791,0.027249835,0.031916294,0.04027118,1.2166667e-09
0.03615125,0.0,0.0,0.0,0.0,0.015012319,0.0,0.03545499,0.0,0.026786586,0.0,0.0,0.015093207,0.0,0.00920881,0.0,0.0054277005,0.009875907,0.0095141465,0.019136755,0.07780232,0.0,0.0,0.0069790706,0.0,0.0,0.0,0.016437571,0.019747466,0.09323179,0.12213799,0.021126391,0.00017691174,0.060545597,0.038752522,0.06937798,0.0594882,0.03217101,0.03728925,0.011918788,0.012228181,0.0,0.0,0.061062995,0.0,0.0,0.05273272,0.024880746,0.027064014,0.031634573,0.039958082,1.1e-09
0.03684942,0.0,0.0,0.0,0.0,0.014990713,0.0,0.036153052,0.0,0.026425939,0.0,0.0,0.01506717,0.0,0.009246304,0.0,0.0066279536,0.01022989,0.009812945,0.019939654,0.08138792,0.0,0.0,0.004857739,0.0,0.0,0.0,0.015797844,0.01912409,0.092317164,0.12202068,0.021122891,0.00014431398,0.06214397,0.039324436,0.069117464,0.059002575,0.03172189,0.03701619,0.011825444,0.012162404,0.0,0.0,0.062393174,0.0,0.0,0.05479726,0.024751358,0.02683568,0.031298935,0.039559737,9.5e-10
0.03731611,0.0,0.0,0.0,0.0,0.014897076,0.0,0.036622312,0.0,0.025637176,0.0,0.0,0.0149692325,0.0,0.009239598,0.0,0.0076888157,0.010502244,0.010037669,0.02054765,0.08318205,0.0,0.0,0.002986692,0.0,0.0,0.0,0.015120775,0.01844463,0.09122142,0.12148452,0.021035682,0.00010779775,0.06309683,0.039816555,0.06845195,0.058154915,0.03120293,0.036648422,0.011717447,0.012078846,0.0,0.0,0.063291475,0.0,0.0,0.056124877,0.02453745,0.026538838,0.030883102,0.038997356,7.5e-10
0.037726663,0.0,0.0,0.0,0.0,0.014721704,0.0,0.037035633,0.0,0.025211796,0.0,0.0,0.0147897685,0.0,0.009188497,0.0,0.008585111,0.010707322,0.010209098,0.021010222,0.083531834,0.0,0.0,0.0015048622,0.0,0.0,0.0,0.01444786,0.017751634,0.090066716,0.120715305,0.020856451,7.39342e-05,0.0628115,0.039991193,0.06708203,0.056733597,0.030662803,0.036231626,0.011595569,0.011976745,0.0,0.0,0.06385418,0.0,0.0,0.05694007,0.024236694,0.026168274,0.030445924,0.038377758,5.6666666e-10
0.038214102,0.0,0.0,0.0,0.0,0.014462361,0.0,0.037515506,0.0,0.024539014,0.0,0.0,0.014526636,0.0,0.0091059,0.0,0.009233484,0.010870636,0.0103616575,0.021365361,0.08195446,0.0,0.0,0.00038975783,0.0,0.0,0.0,0.013822549,0.017090937,0.08916086,0.11987885,0.020577453,4.204377e-05,0.06000686,0.038939532,0.0647269,0.05448395,0.030185685,0.035847813,0.011485044,0.011880327,0.0,0.0,0.06425612,0.0,0.0,0.056775745,0.023864295,0.025736818,0.030046886,0.03777487,4.1666667e-10
0.039831404,0.0,0.0,0.0,0.0,0.014130632,0.0,0.039095253,0.0,0.022725288,0.0,0.0,0.014191433,0.0,0.008993815,0.0,0.009693146,0.011028136,0.010537026,0.021653013,0.078250326,0.0,0.0,0.0,0.0,0.0,0.0,0.013268597,0.016486967,0.08842462,0.119026124,0.02018941,1.5863616e-05,0.054537464,0.036224924,0.06065966,0.05081971,0.029816274,0.035534997,0.011411064,0.011812781,0.0,0.0,0.064552374,0.0,0.0,0.055006742,0.023434225,0.025250446,0.02974632,0.03724957,2.6666666e-10
0.044224456,0.0,0.0007674583,0.0,0.0,0.013732894,0.0,0.043408114,0.0,0.017195903,0.0,0.0,0.013790222,0.0,0.008854982,0.0,0.010054124,0.01130036,0.010982954,0.022220407,0.072305195,0.0,0.0,0.0,0.0,0.0,0.0,0.012785565,0.015925454,0.087923944,0.11820411,0.019546043,0.0,0.04565262,0.031223282,0.05457087,0.04535085,0.029932434,0.035598926,0.011495736,0.011889676,0.0,0.0,0.06487797,0.0,0.0,0.05127545,0.022896897,0.02464041,0.029668273,0.036885012,2.1666667e-10
0.048990127,0.0,0.00441412,0.0,0.0,0.013286859,0.0,0.048084192,0.0,0.012729258,0.0,0.0,0.013341059,0.0,0.008714101,0.0,0.010312681,0.011605572,0.011513722,0.022836318,0.06546225,0.0,0.0,0.0,0.0,0.0,0.0,0.012391752,0.015439722,0.08773885,0.11755707,0.018719781,0.0,0.035685733,0.025534816,0.047770306,0.03929589,0.03039312,0.035910424,0.011700317,0.01208028,0.0,0.0,0.06520157,0.0,0.0,0.046783667,0.02232073,0.023995252,0.029737175,0.03665663,2e-10
0.053908683,0.0,0.010179231,0.0,0.0,0.012824303,0.0,0.052906234,0.0,0.010323456,2.6176383e-05,0.0,0.012875742,0.0,0.008641158,0.0,0.010501808,0.012034469,0.012219333,0.026812997,0.058315307,0.0,0.0,0.0,0.0,0.0,0.0,0.012109462,0.015060883,0.08859443,0.11742507,0.017818395,0.0,0.025047544,0.01943301,0.040929876,0.033282515,0.035928532,0.04104604,0.014070152,0.014410177,0.0,0.0,0.06558483,0.0,0.0,0.041840788,0.021764819,0.023383068,0.030028041,0.036708016,3.1666667e-10
0.058926314,0.0,0.015551515,0.0,0.0,0.012401204,0.0,0.057821553,0.0,0.007092254,2.6176383e-05,0.0,0.0124502545,0.0,0.009286637,0.0,0.010680241,0.015121576,0.013561032,0.043078173,0.051530242,0.0,0.0,0.0,0.0,0.0,0.0,0.011985114,0.01484904,0.094969556,0.12313072,0.016938213,0.0,0.015210113,0.013201609,0.034565583,0.027687583,0.052372538,0.057064585,0.024099726,0.024415908,0.0,0.0,0.06630992,0.0,0.0,0.03671283,0.021312758,0.022897752,0.03186131,0.038295105,6.8333333e-10
0.06418337,0.0,0.020509982,0.0,0.0,0.0120012835,0.0,0.0629467,0.0,0.0035889691,2.6176383e-05,0.0,0.012048243,0.0,0.011347952,0.0,0.01089768,0.022279983,0.015344573,0.066686295,0.045478128,0.0,0.0,0.0,0.0,0.0,0.0,0.012247944,0.015094559,0.10428161,0.13201357,0.016111854,0.0,0.007661883,0.0077457572,0.02895373,0.02277509,0.07529707,0.07953552,0.036850106,0.037166264,0.0,0.0,0.06765097,0.0,0.0,0.031594288,0.0210031,0.022580562,0.035212833,0.04149675,1.15e-09
0.068972066,0.0,0.02566772,0.0,0.0,0.0115824435,0.0,0.06759344,0.0,0.0,2.6176383e-05,0.0,0.011627581,0.0,0.01459712,0.0,0.011197364,0.032600198,0.017283205,0.094367296,0.040815547,0.0,0.0,0.0,0.0,0.0,0.0,0.013149666,0.016076729,0.115594074,0.14302272,0.015334873,0.0,0.0025898844,0.0038404677,0.02485299,0.019155202,0.102094725,0.10581955,0.051794387,0.052136544,0.0,0.0,0.069399886,0.0,0.0,0.027264271,0.02085544,0.022455774,0.03938234,0.04582452,1.65e-09
0.071305715,0.0,0.030116986,0.0,0.0,0.011126447,0.0,0.06980715,0.0,0.0,2.6176383e-05,0.0,0.011170363,0.0,0.018967895,0.0,0.011602904,0.045033745,0.01903233,0.12523879,0.037967388,0.0,0.0,6.993736e-05,0.0,0.0,0.0,0.01465187,0.017741594,0.12839085,0.15575533,0.014761266,0.0,0.00081369444,0.0021317804,0.022679863,0.017292472,0.13272157,0.13573642,0.069786474,0.07014312,0.0,0.0,0.07141289,0.0,0.0,0.02438503,0.0209706,0.022747174,0.044144314,0.05114583,2.0666666e-09
0.073493995,0.0004485466,0.031638395,0.0,0.0,0.010633625,0.0,0.07187333,0.00045059223,0.0,2.6176383e-05,0.0,0.010676574,0.0,0.023992443,0.0,0.01211819,0.05851558,0.02074478,0.15739535,0.035746317,0.0,0.0,0.00081249484,0.0,0.0,0.0,0.016533118,0.019840132,0.14183502,0.16925526,0.014344626,8.0637e-06,5.773205e-05,0.0010424465,0.021186573,0.016013125,0.16471191,0.16701315,0.0889003,0.089231394,0.0,0.0,0.07359261,0.0,0.0,0.021916863,0.021307707,0.023343407,0.049363058,0.057120215,2.2333333e-09
0.07602372,0.0015545267,0.031935457,0.0,0.0,0.010137244,0.0,0.074267454,0.0015614654,0.0,0.00016955384,0.0,0.010179423,0.0,0.029660318,0.0,0.01274198,0.0730801,0.022296706,0.1868459,0.03389393,0.0,0.0,0.0020046022,0.0,0.0,0.0,0.01870449,0.022271512,0.15484433,0.18293968,0.014012257,4.8968916e-05,0.0,0.00034956017,0.020031936,0.0150020495,0.19392133,0.19546181,0.10741677,0.10768725,0.0,0.0,0.075838104,0.0,0.0,0.019654367,0.021898167,0.024270885,0.054846294,0.06349047,2.2166666e-09
0.07903779,0.0021397893,0.032262255,0.0,0.0,0.009640447,0.0,0.07711907,0.0021498706,0.0,0.00016955384,0.0,0.009682032,0.0,0.03553241,0.0,0.013423515,0.0863993,0.023166297,0.20298317,0.03197713,0.0,0.0,0.0034474423,0.0,0.0,0.0,0.021009026,0.024848899,0.16318528,0.19145964,0.013693725,0.00011200035,0.0,0.0,0.019018963,0.014115894,0.21461748,0.21481985,0.12043713,0.12051281,0.0,0.0,0.07783855,0.0,0.0,0.01732833,0.022732694,0.025521934,0.059073783,0.068702765,1.9e-09
0.08187865,0.0021397893,0.032361913,0.0,0.0,0.009164439,0.0,0.07982636,0.0021498706,0.0,0.00016955384,0.0,0.009205671,0.0,0.040443584,0.0,0.01408787,0.09664437,0.023516657,0.2114864,0.030507643,0.0,0.0,0.0049678413,0.0,0.0,0.0,0.023139577,0.027197631,0.16904995,0.19714913,0.013370847,0.00019503952,0.0,0.0,0.018146804,0.013345248,0.2296839,0.22839674,0.13148259,0.13131331,0.0,0.0,0.07927078,0.0,0.0,0.015399705,0.023661831,0.026901962,0.061935317,0.07251803,1.45e-09
0.08418113,0.0021397893,0.029509515,0.0,0.0,0.008726434,0.0,0.08202715,0.0021498706,0.0,0.00016955384,0.0,0.0087675145,0.0,0.044595875,0.0,0.014720015,0.10436264,0.023583177,0.21570773,0.029207395,0.0,0.0,0.0065204385,0.0,0.0,0.0,0.024799751,0.028990725,0.17341381,0.20112614,0.01306246,0.0002892681,0.0,0.0,0.017399944,0.012674738,0.24152353,0.23877971,0.14116548,0.14077736,0.0,0.0,0.0803384,0.0,0.0,0.013832104,0.02463772,0.028341144,0.064046726,0.07533217,9.5e-10
0.0862168,0.0021397893,0.02429279,0.0023413326,0.0,0.008294426,0.0,0.083973266,0.0021498706,0.014100663,0.00016955384,0.0,0.008335541,0.0,0.04786488,0.0,0.0152543355,0.110334724,0.02350219,0.21625115,0.02800809,0.0,0.0,0.007946933,0.0,0.0,0.0,0.026014213,0.030285332,0.17646556,0.20362967,0.012778389,0.00039600456,0.0,0.0,0.016652819,0.012032768,0.24936898,0.24542199,0.14796486,0.1474124,0.0,0.0,0.0811089,0.0,0.0,0.012453565,0.025588887,0.029663779,0.06551054,0.077211335,5e-10
0.088011436,0.0016912427,0.019124718,0.023728892,0.0,0.007878564,0.0,0.08568107,0.0016992785,0.04785307,0.00016955384,0.0,0.00792003,0.0,0.050622758,0.0,0.015739093,0.11577613,0.023348482,0.21529746,0.026894586,0.0,0.0,0.008635579,0.0,0.0,0.0,0.0269797,0.03129551,0.17896268,0.20555328,0.0125090135,0.0005124618,0.0,0.0,0.01582556,0.01135795,0.25519434,0.2503013,0.15353447,0.15298529,0.0,0.0,0.08173114,0.0,0.0,0.011169593,0.026493482,0.030905044,0.06650794,0.07851628,3e-10
0.08865002,0.00058526255,0.013062545,0.052584834,0.0,0.007470022,0.0,0.08617742,0.00058840524,0.08916317,0.0,0.0,0.007512343,0.0,0.05279082,0.0,0.016157782,0.12087793,0.023202537,0.21354192,0.025920236,0.0,0.0,0.008786712,0.0,0.0,0.0,0.02774922,0.032081787,0.18114796,0.20719014,0.01225432,0.0006141895,0.0,0.0,0.014862452,0.010607479,0.25806063,0.2524784,0.15725334,0.15707274,0.0,0.0,0.08224907,0.0,0.0,0.009999772,0.027288213,0.032002855,0.06716628,0.079444736,1.8333333e-10
0.08805072,0.0,0.0073634656,0.08190667,0.0,0.0070365206,0.0,0.08544201,0.0,0.13094267,0.0,0.0,0.007080135,0.0,0.054131173,0.0,0.016552651,0.12505376,0.023133114,0.21267027,0.02526894,0.0,0.0,0.008482982,0.0,0.0,0.0,0.028405664,0.032744627,0.18269995,0.20857371,0.012017389,0.0007125527,0.0,0.0,0.013786337,0.009773467,0.25770864,0.2521814,0.15824415,0.15889037,0.0,0.0,0.082680784,0.0,0.0,0.009041498,0.02788452,0.032855034,0.06761714,0.08017849,1e-10
0.08655916,0.0,0.0023053396,0.10959639,0.0,0.0065537533,0.0,0.083818994,0.0,0.17106448,0.0,0.0,0.0065989858,0.0,0.055088162,0.0,0.016970433,0.12885788,0.02316122,0.21193208,0.024791168,0.0,0.0,0.0076934122,0.0,0.0,0.0,0.028989634,0.033328127,0.18392989,0.21004869,0.011802932,0.00080957764,0.0,0.0,0.012633009,0.008866283,0.255364,0.25020504,0.15787771,0.15955837,0.0,0.0,0.0830617,0.0,0.0,0.008190063,0.028369455,0.033586744,0.06792527,0.08079252,6.6666665e-11
0.083780535,0.0,0.0,0.13779089,0.0,0.006023611,0.0,0.08091492,0.0,0.21167713,0.0,0.0,0.006070731,0.0,0.055666767,0.0,0.017408786,0.13238367,0.02332368,0.21088907,0.02443995,0.0,0.0,0.006546408,0.0,0.0,0.0,0.029522603,0.03385836,0.18474953,0.21163553,0.011621714,0.00091261114,0.0,0.0,0.011360346,0.00783763,0.2511683,0.24645258,0.15594128,0.15862632,0.0,0.0,0.08342234,0.0,0.0,0.00739642,0.028757595,0.034223855,0.06812396,0.08131969,5e-11
0.07966905,0.0,0.0,0.1635342,0.0,0.005492202,0.0,0.07666913,0.0,0.23807465,0.0,0.0,0.005541447,0.0,0.056089506,0.0,0.01789478,0.13610968,0.023596449,0.20974775,0.02417824,0.0,0.0,0.0052640154,0.0,0.0,0.0,0.03001774,0.034346398,0.18554766,0.21394898,0.011475037,0.001014539,0.0,0.0,0.010068503,0.0067463876,0.24626316,0.24203473,0.15341815,0.15709642,0.0,0.0,0.083791696,0.0,0.0,0.0066452576,0.029097155,0.03480691,0.068235174,0.081770584,3.3333333e-11
0.074706964,0.0,0.0,0.17194758,0.0,0.0049612764,0.0,0.071557894,0.0,0.24656337,0.0,0.0,0.0050127157,0.0,0.056466393,0.0,0.01841456,0.14006254,0.023960102,0.20856561,0.023976194,0.0,0.0,0.003861317,0.0,0.0,0.0,0.030482713,0.03479703,0.18661156,0.21697678,0.011370009,0.0011079961,0.0,0.0,0.008829178,0.00565681,0.24151507,0.23759678,0.15075432,0.15531248,0.0,0.0,0.084247366,0.0,0.0,0.005937074,0.029407708,0.035348188,0.06830845,0.08217931,1.6666666e-11
0.06999877,0.0,0.0,0.17306161,0.0,0.0044073826,0.0,0.06676756,0.0,0.24766617,0.0,0.0,0.004460914,0.0,0.05684936,0.0,0.01897907,0.14420357,0.024399282,0.20741352,0.023829281,0.0,0.0,0.0025180764,0.0,0.0,0.0,0.030925289,0.035215825,0.18819934,0.22066289,0.01130508,0.0011901562,0.0,0.0,0.007699356,0.004611224,0.2374176,0.23382823,0.14833738,0.15347548,0.0,0.0,0.08488884,0.0,0.0,0.0052695773,0.02969015,0.03584374,0.068397515,0.082590155,0.0
0.065703616,0.0,0.0,0.17352422,0.0,0.0037847531,0.0,0.062413417,0.0,0.2481408,0.0,0.0,0.0038403377,0.0,0.057253096,0.0,0.019562965,0.14828023,0.024906969,0.20630048,0.023727147,0.0,0.0,0.0013789658,0.0,0.0,0.0,0.03135876,0.035619702,0.1899914,0.22449794,0.01127554,0.0012675291,0.0,0.0,0.006665867,0.0036222625,0.2341349,0.23071747,0.14640954,0.15179999,0.0,0.0,0.085781254,0.0,0.0,0.004646071,0.029944973,0.036294114,0.068540245,0.08306381,0.0
0.06197162,0.0,0.0,0.17521417,0.0,0.0029963504,0.0,0.05862782,0.0,0.24986641,0.0,0.0,0.0030535862,0.0,0.05766226,0.0,0.020139428,0.15194337,0.025456633,0.20526165,0.023650045,0.0,0.0,0.00064813707,0.0,0.0,0.0,0.03178674,0.036016215,0.19187889,0.22821821,0.011261513,0.0013407555,0.0,0.0,0.005702341,0.002688451,0.23196124,0.22855891,0.14499076,0.15046863,0.0,0.0,0.08724068,0.0,0.0,0.00406818,0.030161154,0.036694553,0.06881927,0.08390377,0.0
0.060403854,7.0383e-05,0.0,0.17653726,0.0,0.0022114087,0.0,0.057035927,2.4633e-06,0.25124085,0.0,0.0,0.0022598854,0.0,0.058137666,0.0,0.020733286,0.15572304,0.026023623,0.20491676,0.023619376,0.0,0.0,0.00024254427,0.0,0.0,0.0,0.032211456,0.03640674,0.19383861,0.23172578,0.011236635,0.0014076115,0.0,0.0,0.0048585963,0.0018655143,0.23113453,0.22769392,0.14429262,0.14987282,0.0,0.0,0.08905929,0.0,0.0,0.0035444777,0.030362317,0.03707856,0.06949364,0.085453086,0.0
0.06318672,0.0008012357,0.0,0.17763755,0.0,0.0015150191,0.0,0.059910316,0.0006600453,0.25239924,0.0,0.0,0.0015543867,0.0,0.0586615,0.0,0.021627048,0.15934101,0.026595429,0.20669058,0.023668204,0.0,0.0,2.8505418e-05,0.0,0.0,0.0,0.032648776,0.03681593,0.1955931,0.23440051,0.011173301,0.0014880354,0.0,0.0,0.0041328953,0.0012133425,0.23172791,0.2287021,0.1439058,0.14961115,0.0,0.0,0.091123424,0.0,0.0,0.0030996702,0.030579967,0.037472136,0.07063098,0.08770128,1.6666666e-11
0.06818111,0.0023414895,0.0,0.17606519,0.0,0.00091196824,0.0,0.065014586,0.0021215596,0.2508506,0.0,0.0,0.0009419149,0.0,0.059206575,0.0,0.022665976,0.16256714,0.027176041,0.21088108,0.023824299,0.0,0.0,0.0,0.0,0.0,0.0,0.03310633,0.037254702,0.19692342,0.23623553,0.011064113,0.0015942845,0.0,0.0,0.0035328502,0.0007139623,0.23343661,0.23100013,0.14370576,0.1495695,0.0,0.0,0.09328005,0.0,0.0,0.0027529972,0.030834405,0.037894107,0.072289795,0.09067981,6.6666665e-11
0.07431673,0.0040454525,0.0,0.17403625,0.0,0.0004205358,0.0,0.07127544,0.003745858,0.2488461,0.0,0.0,0.00044073674,0.0,0.059713785,0.0,0.0237737,0.1649754,0.027894953,0.21609895,0.024210876,0.0,0.0,0.0,0.0,0.0,0.0,0.0335916,0.03773846,0.19755271,0.23724227,0.010914804,0.0017464549,0.0,0.0,0.0030514733,0.00035316727,0.23560031,0.23385096,0.14339751,0.14954188,0.0,0.0,0.09544161,0.0,0.0,0.0025280567,0.031121539,0.0383341,0.07435596,0.094106,1.8333333e-10
0.08315865,0.008306101,0.0,0.17016661,0.0,8.6359214e-05,0.0,0.08026023,0.007909576,0.24499355,0.0,0.0,9.644715e-05,0.0,0.060157932,0.0,0.024887152,0.16709638,0.028751966,0.22191814,0.024859052,0.0,0.0,0.0,0.0,0.0,0.0,0.034124896,0.038336784,0.19783236,0.23780191,0.010733974,0.0019454751,0.0,0.0,0.002693737,0.00012153183,0.23802714,0.23701681,0.14289324,0.14947794,0.0,0.0,0.097590044,0.0,0.0,0.002430275,0.03145163,0.038804132,0.07721928,0.09833237,3e-10
0.10412421,0.026494758,0.0,0.15930101,0.0,0.0,0.0,0.10138993,0.025928305,0.23418926,0.0,0.0,0.0,0.0,0.06056256,0.0,0.02596334,0.16912219,0.029962597,0.22878087,0.026331015,0.0,0.0,0.0,0.0,0.0,0.0,0.03496642,0.0394113,0.19785254,0.23791355,0.010547814,0.0022131256,0.0,0.0,0.0024898094,8.0473665e-06,0.24061935,0.24039316,0.14225234,0.14939076,0.0,0.0,0.099600814,0.0,0.0,0.0024770598,0.03182917,0.039306153,0.08208986,0.104164496,4.5e-10
0.14428984,0.06731151,0.0,0.14165908,0.0,0.0,0.0,0.14171873,0.06656958,0.2166122,0.0,0.0,0.0,0.0,0.06089493,0.0,0.02693619,0.170848,0.031619404,0.23833777,0.029223893,0.0,0.0,0.0,0.0,0.0,0.0,0.03602288,0.040785845,0.19761126,0.23712182,0.010391656,0.0025578085,0.0,0.0,0.0024548443,0.0,0.24315651,0.24372353,0.14155926,0.14927313,0.0,0.0,0.10204324,0.0,0.0,0.0026692776,0.032211952,0.039785802,0.0899046,0.111761354,6.3333333e-10
0.20340021,0.12205266,0.0,0.112474136,0.0,0.0,0.0,0.20090576,0.12124592,0.18706313,0.0,0.0,0.0,0.0,0.061088007,0.0,0.027478762,0.17203414,0.033941388,0.24679102,0.03331701,0.0,0.0,0.0,0.0,0.0,0.0,0.037191596,0.04234825,0.1972209,0.23546006,0.010303304,0.0029753926,0.0,0.0,0.0025861408,3.6530917e-05,0.24473429,0.2456382,0.14071783,0.1489948,0.0,0.0,0.10498473,0.0,0.0,0.0030415757,0.032573774,0.04021162,0.099269226,0.12034931,7.5e-10
0.2839195,0.18368326,0.008402231,0.08424554,0.0,0.0,0.0,0.28109694,0.18313278,0.14637065,0.0015852122,0.0,0.0,0.0,0.06109951,0.0,0.02773634,0.17198265,0.036545478,0.250565,0.03850465,0.0,0.0,0.0,0.0,0.0,0.0,0.038415812,0.04400059,0.19631861,0.23306563,0.010306651,0.0034562207,0.0,0.0,0.0031878208,0.0003779049,0.2448225,0.24641334,0.13929383,0.14804241,0.0,0.0,0.10824595,0.0,0.0,0.0037904012,0.03299012,0.040622387,0.10928239,0.12895304,8.3333335e-10
0.36665368,0.2451298,0.019073447,0.05630452,0.0,0.0,0.0,0.36361977,0.24487144,0.10596224,0.0052828253,0.0,0.0,0.0,0.060928363,0.0,0.027785879,0.17059363,0.03915222,0.25287482,0.0448628,0.0,0.0,0.0,0.0,0.0,0.0,0.039645523,0.045678306,0.19421722,0.22937432,0.010397552,0.0039841225,0.0,0.0,0.004523735,0.0012817504,0.24431986,0.24670844,0.13774541,0.14683667,0.0,0.0,0.111529104,0.0,0.0,0.004970463,0.03368606,0.04125322,0.11963142,0.13764505,8.5e-10
0.43756592,0.29877502,0.024750777,0.030389722,0.0,0.0,0.0,0.4344936,0.29873878,0.06756065,0.0052828253,0.0,0.0,0.0,0.06055711,0.0,0.027690848,0.16816896,0.041681353,0.25439337,0.051517196,0.0,0.0,0.0,0.0,0.0,0.0,0.040830657,0.047267687,0.19142519,0.22484796,0.010569056,0.004543458,0.0,0.0,0.0062708743,0.0025255312,0.24329692,0.24662048,0.1362504,0.14543916,0.0,0.0,0.11464809,0.0,0.0,0.0063377977,0.0344911,0.041956116,0.12947822,0.14568667,8.166667e-10
0.48049492,0.33168224,0.024750777,0.011875641,0.0,0.0,0.0,0.47754872,0.33179507,0.040390663,0.0052828253,0.0,0.0,0.0,0.0600371,0.0,0.027516402,0.16500117,0.04388213,0.25500762,0.057641294,0.0,0.0,0.0,0.0,0.0,0.0,0.041681763,0.048368867,0.1881063,0.2198234,0.010802065,0.00510026,0.0,0.0,0.008210522,0.0039701434,0.24185614,0.24604641,0.1348465,0.14397673,0.0,0.0,0.117335126,0.0,0.0,0.0077917064,0.035344776,0.042681485,0.13731177,0.15181175,7.8333334e-10
0.49460518,0.33735833,0.024750777,0.0,0.0,0.0,0.0,0.49188387,0.33767492,0.021441052,0.0052828253,0.0,0.0,0.0,0.059370317,0.0,0.027286207,0.1611431,0.045620967,0.25293785,0.062450938,0.0,0.0,0.0,0.0,0.0,0.0,0.042286556,0.04915188,0.184589,0.21510226,0.011071043,0.00563943,0.0,0.0,0.010237129,0.0055578197,0.24013376,0.24517313,0.13338819,0.14238231,0.0,0.0,0.11915614,0.0,0.0,0.009274419,0.03625334,0.04345573,0.14183633,0.15547715,7.5e-10
0.4817762,0.32486954,0.024750777,0.0,0.0,0.0,0.0,0.4792307,0.3253436,0.00979249,0.0052828253,0.0,0.0,0.0,0.05863054,0.0,0.027032785,0.15675429,0.046646927,0.25065914,0.066047564,0.0,0.0,0.0,0.0,0.0,0.0,0.042727735,0.049701553,0.18100257,0.21093716,0.011360835,0.0061431653,0.0,0.0,0.012294015,0.007239786,0.23833124,0.24418254,0.13200325,0.1408019,0.0,0.0,0.12003933,0.0,0.0,0.010707095,0.037188135,0.044260394,0.14427392,0.15738852,7.5e-10
0.44042128,0.29990453,0.016348546,0.0,0.0,0.0,0.0,0.4383771,0.3001539,0.016365161,0.003697613,0.0,0.0,0.0,0.05785993,0.0,0.026771065,0.1524259,0.0473168,0.25099346,0.06842817,0.0,0.0,0.0,0.0,0.0,0.0,0.043037128,0.050083682,0.17781188,0.20733263,0.011649188,0.006600329,0.0,0.0,0.014010706,0.008714573,0.23703507,0.2430983,0.13108568,0.13970672,0.0,0.0,0.12006221,0.0,0.0,0.011845327,0.03803328,0.04501879,0.14500849,0.15831776,7.5e-10
0.3909927,0.2699105,0.00567733,0.0,0.0,0.0,0.0,0.38931307,0.26985678,0.02810714,0.0,0.0,0.0,0.0,0.05710612,0.0,0.026516246,0.14834543,0.047745347,0.25198585,0.069361456,0.0,0.0,0.0,0.0,0.0,0.0,0.043231614,0.050322004,0.17568977,0.20489134,0.011921638,0.007001876,0.0,0.0,0.015108118,0.009716895,0.23584828,0.2418896,0.13036826,0.13875729,0.0,0.0,0.11921699,0.0,0.0,0.01259826,0.038556866,0.045497444,0.14403711,0.15799029,7.1666667e-10
0.3484652,0.24249405,0.0,0.00032568,0.0,0.0,0.0,0.34696677,0.24222435,0.04047937,0.0,0.0,0.0,0.0,0.05643111,0.0,0.026259052,0.14430803,0.048012495,0.2532554,0.06968465,0.0,0.0,0.0,0.0,0.0,0.0,0.043314178,0.050427496,0.17398857,0.20292549,0.012175656,0.007357218,0.0,0.0,0.015889069,0.010465823,0.23434415,0.24009696,0.1292308,0.13724637,0.0,0.0,0.11754121,0.0,0.0,0.013196507,0.038925976,0.045841653,0.1419854,0.15670952,6.8333333e-10
0.31831306,0.21915157,0.0,0.00032568,0.0,0.0,0.0,0.31681162,0.2188354,0.0467382,0.0,0.0,0.0,0.0,0.055790562,0.0,0.025993902,0.14041688,0.048173726,0.2543859,0.06967802,0.0,0.0,0.0,0.0,0.0,0.0,0.043295614,0.05041638,0.17231093,0.20107548,0.0124066975,0.00767936,0.0,0.0,0.016528022,0.011092934,0.23189162,0.2373465,0.12731858,0.1347825,0.0,0.0,0.11530738,0.0,0.0,0.013718273,0.03920937,0.04610253,0.13913415,0.15461075,6e-10
0.2948291,0.19768259,0.0,0.00032568,0.0,0.0,0.0,0.293196,0.19734846,0.050662916,0.0,0.0,0.0,0.0,0.05520321,0.0,0.025748312,0.13674287,0.048287474,0.25529382,0.06955839,0.0,0.0,0.0,0.0,0.0,0.0,0.043177295,0.050289907,0.17048879,0.19917268,0.012610237,0.007983728,0.0,0.0,0.0171118,0.011658842,0.22914451,0.23431541,0.1249683,0.131808,0.0,0.0,0.11254927,0.0,0.0,0.014229146,0.039433245,0.046288427,0.1356967,0.15184043,4.6666665e-10
0.26980847,0.17638992,0.0,0.0028922437,0.0,0.0,0.0,0.26802486,0.17594926,0.0648805,0.0,0.0,0.0,0.0,0.054689337,0.0,0.025554989,0.13342236,0.04837941,0.25567743,0.06940112,0.0,0.0,0.0,0.0,0.0,0.0,0.04297025,0.050058767,0.16860905,0.19726796,0.012770762,0.008279534,0.0,0.0,0.017646853,0.012162593,0.22629522,0.23122178,0.122376524,0.12858255,0.0,0.0,0.10957792,0.0,0.0,0.01474672,0.039614297,0.046419084,0.131584,0.1483774,3.5e-10
0.24604133,0.15674745,0.0,0.010450211,0.0,0.0,0.0,0.24419336,0.1562455,0.078123294,0.0,0.0,0.0,0.0,0.0542798,0.0,0.025450496,0.13078682,0.048467707,0.25657,0.06930728,0.0,0.0,0.0,0.0,0.0,0.0,0.042690955,0.049743745,0.16664408,0.19537686,0.01288113,0.008577233,0.0,0.0,0.018161375,0.0126261385,0.22350453,0.22830305,0.11968331,0.12527761,0.0,0.0,0.10676292,0.0,0.0,0.015301123,0.03979465,0.046538737,0.12724312,0.14448516,2.3333332e-10
0.2254057,0.13988969,0.0,0.020362552,0.0,0.0,0.0,0.2234936,0.13936622,0.08859867,0.0,0.0,0.0,0.0,0.053965174,0.0,0.025455756,0.12895414,0.048568536,0.25776482,0.069287054,0.0,0.0,0.0,0.0,0.0,0.0,0.04235576,0.04935952,0.16470183,0.1935668,0.012940046,0.008867572,0.0,0.0,0.018636195,0.013030584,0.22083306,0.22558723,0.1169855,0.12202034,0.0,0.0,0.10448975,0.0,0.0,0.01588046,0.03997636,0.046643004,0.123261884,0.14064056,1.5e-10
0.20620497,0.12565261,0.0,0.02920988,0.0,0.0,0.0,0.2042212,0.12511241,0.097624674,0.0,0.0,0.0,0.0,0.053755738,0.0,0.025603289,0.12795325,0.048630707,0.25961033,0.06928672,0.0,0.0,0.0,0.0,0.0,0.0,0.04199035,0.048932526,0.16299453,0.19218644,0.01294331,0.0091251675,0.0,0.0,0.019056287,0.013363816,0.21885931,0.2236893,0.114983976,0.11967122,0.0,0.0,0.1029308,0.0,0.0,0.01644777,0.040160496,0.046732202,0.11967722,0.13706455,1.1666666e-10
0.19006056,0.11458961,0.0,0.04060343,0.0,0.0,0.0,0.1880032,0.11399545,0.11115284,0.0,0.0,0.0,0.0,0.053655162,0.0,0.025885042,0.12735976,0.04863047,0.26184976,0.06927075,0.0,0.0,0.0,0.0,0.0,0.0,0.041608185,0.048477605,0.16180633,0.1914501,0.012893533,0.009341932,0.0,0.0,0.019421281,0.013631187,0.21817592,0.22315942,0.113946036,0.118494816,0.0,0.0,0.10190255,0.0,0.0,0.016985204,0.040341966,0.046815652,0.11654258,0.13394533,1.1666666e-10
0.17551325,0.10562108,0.0,0.052345164,0.0,0.0,0.0,0.17338617,0.104964204,0.12577093,0.0,0.0,0.0,0.0,0.053648636,0.0,0.026280835,0.12692343,0.048549917,0.26470393,0.069199756,0.0,0.0,0.0,0.0,0.0,0.0,0.04121102,0.047999103,0.16101545,0.19116773,0.012796201,0.009507458,0.0,0.0,0.01973114,0.013840437,0.21801776,0.22318663,0.113508634,0.11801875,0.0,0.0,0.101459935,0.0,0.0,0.017478393,0.040517528,0.046901405,0.11380313,0.13125508,1.5e-10
0.16721313,0.09969837,0.0,0.06293655,0.0,0.0,0.0,0.16507323,0.09900297,0.13651988,0.0,0.0,0.0,0.0,0.053711105,0.0,0.026751703,0.12633456,0.04838816,0.2684216,0.06906766,0.0,0.0,0.0,0.0,0.0,0.0,0.04078174,0.04748175,0.16044605,0.19117616,0.0126653155,0.009609803,0.0,0.0,0.01999466,0.014007892,0.2181544,0.22352755,0.1134532,0.11797056,0.0,0.0,0.10145689,0.0,0.0,0.01792271,0.040691443,0.047001403,0.11168513,0.12912995,2e-10
0.16320416,0.09603834,0.0,0.07110913,0.0,0.0,0.0,0.16105802,0.09531755,0.14475355,0.0,0.0,0.0,0.0,0.053802088,0.0,0.02723591,0.1248235,0.04815636,0.27165386,0.068829484,0.0,0.0,0.0,0.0,0.0,0.0,0.04031278,0.046917368,0.16010134,0.19141749,0.012512834,0.009644898,0.0,0.0,0.02021626,0.014140258,0.21840414,0.22395654,0.113609165,0.118141696,0.0,0.0,0.101874955,0.0,0.0,0.018304186,0.040836886,0.047081005,0.11022311,0.12749954,2.6666666e-10
0.16037792,0.09452171,0.0,0.080604784,0.0,0.0,0.0,0.1582507,0.09376206,0.154349,0.0,0.0,0.0,0.0,0.05392273,0.0,0.02769598,0.12186725,0.047870155,0.2739908,0.06846818,0.0,0.0,0.0,0.0,0.0,0.0,0.039792106,0.04623805,0.15991747,0.19182399,0.012348244,0.009624641,0.0,0.0,0.020414757,0.0142566515,0.21875346,0.22444043,0.11387506,0.11842064,0.0,0.0,0.102556475,0.0,0.0,0.018638095,0.040949255,0.047140617,0.10923786,0.12634277,3e-10
0.15805401,0.09366082,0.0,0.09105978,0.0,0.0,0.0,0.15595925,0.09285258,0.16498806,0.0,0.0,0.0,0.0,0.054050237,0.0,0.028101686,0.11731665,0.047574427,0.27528483,0.068023965,0.0,0.0,0.0,0.0,0.0,0.0,0.039125852,0.045329697,0.15980138,0.19228293,0.012173,0.009565128,0.0,0.0,0.020612432,0.01437542,0.2191397,0.22491154,0.11409454,0.11864352,0.0,0.0,0.104250535,0.0,0.0,0.018967615,0.04105728,0.047211327,0.10856626,0.12555009,3.3333333e-10
0.15592088,0.09340027,0.0,0.09688581,0.0,0.0,0.0,0.15387097,0.09256285,0.1709099,0.0,0.0,0.0,0.0,0.054211915,0.0,0.02847493,0.11199929,0.04725527,0.27610096,0.06753195,0.0,0.0,0.0,0.0,0.0,0.0,0.038361125,0.044275377,0.1597289,0.19277541,0.011996955,0.00946994,0.0,0.0,0.020843104,0.014525286,0.22007276,0.22576,0.11435081,0.11888662,0.0,0.0,0.10649858,0.0,0.0,0.019314582,0.04117757,0.047306504,0.108147025,0.12501901,3.3333333e-10
0.15394208,0.095702186,0.0,0.09808866,0.0,0.0,0.0,0.1519414,0.09484712,0.1721014,0.0,0.0,0.0,0.0,0.05440527,0.0,0.028809961,0.10616799,0.046882764,0.27627954,0.06701205,0.0,0.0,0.0,0.0,0.0,0.0,0.03751019,0.043125402,0.15966387,0.19325754,0.011832209,0.009337496,0.0,0.0,0.021140262,0.014739358,0.22194491,0.2274264,0.11516251,0.11955155,0.0,0.0,0.10896687,0.0,0.0,0.019687708,0.041320495,0.047435764,0.10792836,0.124685206,3e-10
0.15206861,0.098869644,0.0,0.09298991,0.0,0.0,0.0,0.15011917,0.0980286,0.1668507,0.0,0.0,0.0,0.0,0.05463545,0.0,0.029113004,0.1001203,0.046482068,0.27569708,0.06651371,0.0,0.0,0.0,0.0,0.0,0.0,0.03660377,0.041921537,0.15961027,0.19372834,0.01168873,0.009180842,0.0,0.0,0.021584231,0.01503867,0.22453314,0.22982189,0.11612645,0.1203195,0.0,0.0,0.111471824,0.0,0.0,0.020116145,0.041489173,0.047593255,0.10787457,0.124500476,2.6666666e-10
0.15034905,0.1022335,0.0,0.084794015,0.0,0.0,0.0,0.14844407,0.101420306,0.15844063,0.0,0.0,0.0,0.0,0.05492497,0.0,0.029415194,0.09487571,0.0460622,0.2760856,0.06609226,0.0,0.0,0.0,0.0,0.0,0.0,0.03568211,0.040713817,0.15956956,0.19419909,0.011560758,0.0090131285,0.0,0.0,0.022109337,0.015403064,0.22777742,0.23298202,0.11724976,0.12122464,0.0,0.0,0.11381556,0.0,0.0,0.020596545,0.041668657,0.047765855,0.10795389,0.124434695,2.1666667e-10
0.14936064,0.10537187,0.0,0.07155247,0.0,0.0,0.0,0.14748989,0.10461275,0.14487469,0.0,0.0,0.0,0.0,0.055291943,0.0,0.029728906,0.09108648,0.045647524,0.27812397,0.065831505,0.0,0.0,0.0,0.0,0.0,0.0,0.03478887,0.039609093,0.15955922,0.19467968,0.011452561,0.008850958,0.0,0.0,0.022703594,0.015830703,0.23143613,0.23666547,0.11851245,0.12226974,0.0,0.0,0.115979575,0.0,0.0,0.021139737,0.041847568,0.047937337,0.10816806,0.12449935,2.5e-10
0.1487987,0.1077966,0.0,0.05803281,0.0,0.0,0.0,0.14695431,0.107097305,0.13103274,0.0,0.0,0.0,0.0,0.055751666,0.0,0.0300912,0.08930619,0.045254998,0.2813796,0.06576128,0.0,0.0,0.0,0.0,0.0,0.0,0.03403389,0.038740598,0.15959457,0.19520804,0.011367816,0.008709292,0.0,0.0,0.023328979,0.016289176,0.23528022,0.24059922,0.11991745,0.12347515,0.0,0.0,0.11716529,0.0,0.0,0.021722687,0.041998647,0.048074923,0.108466856,0.12464645,3.3333333e-10
0.14847352,0.10859186,0.0,0.04577227,0.0,0.0,0.0,0.14664474,0.10795509,0.11848054,0.0,0.0,0.0,0.0,0.056288615,0.0,0.0304941,0.08917297,0.044920266,0.28591353,0.06586261,0.0,0.0,0.0,0.0,0.0,0.0,0.03339188,0.038044933,0.15968819,0.19578399,0.011305979,0.008595838,0.0,0.0,0.02392817,0.016727524,0.2387204,0.24430367,0.121432304,0.12484535,0.0,0.0,0.11781854,0.0,0.0,0.022322541,0.042106878,0.04816031,0.10881473,0.12482875,4.833333e-10
0.14819856,0.107117236,0.0,0.037608,0.0,0.0,0.0,0.1463792,0.10653228,0.110139444,0.0,0.0,0.0,0.0,0.05697156,0.0,0.03095536,0.09051941,0.04468368,0.29214385,0.06613963,0.0,0.0,0.0,0.0,0.0,0.0,0.032862518,0.037485447,0.15982707,0.19640881,0.011259825,0.00852296,0.0,0.0,0.024453335,0.017096156,0.24147156,0.24750589,0.122822426,0.12627588,0.0,0.0,0.11826237,0.0,0.0,0.022923037,0.0421659,0.048183434,0.10919702,0.12503599,6.6666667e-10
0.1478487,0.10517037,0.0,0.034687933,0.0,0.0,0.0,0.14603046,0.10460874,0.10720131,0.0,0.0,0.0,0.0,0.057775456,0.0,0.031472065,0.09301697,0.04455658,0.29934633,0.067034975,0.0,0.0,0.0,0.0,0.0,0.0,0.032428756,0.03703299,0.15994696,0.19701189,0.011219285,0.008494516,0.0,0.0,0.024832385,0.017379181,0.24368757,0.25018227,0.12433258,0.12792048,0.0,0.0,0.1185727,0.0,0.0,0.023511551,0.04216253,0.048132356,0.10961375,0.12528238,8.166667e-10
0.14742701,0.10455498,0.0,0.03307324,0.0,0.0,0.0,0.14560556,0.1040043,0.10561191,0.0,0.0,0.0,0.0,0.058627386,0.0,0.03201574,0.09603272,0.044550274,0.3058609,0.069260955,0.0,0.0,0.0,0.0,0.0,0.0,0.03204835,0.03663608,0.15997307,0.19749866,0.011188632,0.008503492,0.0,0.0,0.025144845,0.017612843,0.24531704,0.25215936,0.12583423,0.12959845,0.0,0.0,0.1188051,0.0,0.0,0.024126548,0.04212,0.04803393,0.110080115,0.1255884,9.666666e-10
0.14684622,0.1038,0.0,0.033389084,0.0,0.0,0.0,0.14501908,0.103249945,0.105972745,0.0,0.0,0.0,0.0,0.05942822,0.0,0.032550726,0.099015586,0.044684984,0.30811763,0.0720683,0.0,0.0,0.0,0.0,0.0,0.00022785373,0.031661123,0.03623089,0.15982112,0.19783431,0.011177379,0.008530271,0.0,0.0,0.025410637,0.017806455,0.24574696,0.2526789,0.12684305,0.13076915,0.0,0.0,0.119036496,0.0,0.0,0.024793388,0.04204671,0.047893085,0.11056854,0.12590802,1.0333333e-09
0.14600329,0.102749154,0.0,0.034804847,0.0,0.0,0.0,0.14416961,0.10219495,0.10744121,0.0,0.0,0.0,0.0,0.06009687,0.0,0.033019133,0.09962814,0.044918142,0.30375385,0.075135075,0.0,0.0,0.0,0.0,0.0,0.0022645597,0.031042008,0.035516206,0.15915005,0.19779153,0.0111825345,0.008540491,0.0,0.0,0.025667245,0.017993348,0.24250321,0.24918126,0.12692915,0.1308942,0.0,0.0,0.11926922,0.0,0.0,0.02555709,0.04194627,0.047719713,0.111047685,0.12619454,1.0333333e-09
0.14484522,0.102446705,0.0,0.0377828,0.0,0.0,0.0,0.14301068,0.10187721,0.11048394,0.0,0.0,0.0,0.0,0.060095523,0.0,0.033332724,0.09588541,0.045170236,0.28577444,0.078222156,0.0,0.0,0.0,0.0,0.0,0.005677397,0.029989537,0.034288056,0.15664579,0.19524065,0.0112000005,0.00850263,0.0,0.0,0.02593014,0.018191012,0.23115547,0.23751132,0.124180354,0.12787199,0.0,0.0,0.11947864,0.0,0.0,0.026377967,0.041799534,0.047501247,0.11146888,0.12639543,9.666666e-10
0.14351621,0.10196779,0.0,0.041595697,0.0,0.0,0.0,0.14168774,0.101379715,0.11434438,0.0,0.0,0.0,0.0,0.058846373,0.0,0.033184353,0.08967604,0.045404997,0.26027843,0.08084242,0.0,0.0,0.0,0.0,0.0,0.009638405,0.02862898,0.03271832,0.15260641,0.19058725,0.011237241,0.008404047,0.0,0.0,0.026175726,0.018385788,0.21611278,0.22206625,0.118460365,0.121791594,0.0,0.0,0.11958067,0.0,0.0,0.02721728,0.04156567,0.047196306,0.111745834,0.12620854,8.5e-10
0.14205475,0.100608826,0.0,0.045959506,0.0,0.0,0.0,0.1402436,0.10000337,0.11871176,0.0,0.0,0.0,0.0,0.055878006,0.0,0.032501787,0.08140451,0.04554273,0.22424103,0.08001463,0.0,0.0,0.0,0.0,0.0,0.013847433,0.027031766,0.030882379,0.1470818,0.1839451,0.0112799,0.00822199,0.0,0.0,0.02631026,0.018497389,0.1951105,0.20045815,0.109806344,0.1127492,0.0,0.0,0.11939243,0.0,0.0,0.027951924,0.040919736,0.046414867,0.11098794,0.12446771,7.1666667e-10
0.14057967,0.09729014,0.0,0.049533118,0.0,0.0,0.0,0.13879052,0.09667983,0.12221864,0.0,0.0,0.0,0.0,0.052225735,0.0,0.03147167,0.072252214,0.045567382,0.18540165,0.07633767,0.0,0.0,0.0,0.0,0.0,0.01811415,0.025343025,0.028949214,0.14111494,0.17667468,0.011358092,0.007957555,0.0,0.0,0.026243513,0.018479442,0.17221932,0.17691323,0.100069806,0.10260817,0.0,0.0,0.11902491,0.0,0.0,0.028475499,0.039995596,0.04531984,0.109439075,0.121760674,5.6666666e-10
0.13926077,0.09195196,0.0,0.05406246,0.0,0.0,0.0,0.13749433,0.09134237,0.1267249,0.0,0.0,0.0,0.0,0.048323415,0.0,0.030263968,0.07061677,0.04547764,0.16485801,0.071200676,0.0,0.0,0.0,0.0,0.0,0.020099616,0.023739852,0.027110139,0.13815065,0.17369474,0.011485334,0.007643638,0.0,0.0,0.0255915,0.01808677,0.16077341,0.16485396,0.0944127,0.097039275,0.0,0.0,0.11857712,0.0,0.0,0.028299501,0.03894725,0.044091105,0.10752162,0.11863905,4.3333334e-10
0.13823798,0.08700385,0.0,0.057236623,0.0,0.0,0.0,0.13649298,0.086400025,0.12992188,0.0,0.0,0.0,0.0,0.04529408,0.0,0.029014042,0.080977544,0.04527941,0.15735331,0.0653592,0.0,0.0,0.0,0.0,0.0,0.018869694,0.023247838,0.026709428,0.13833182,0.1736794,0.011646988,0.0073427544,0.0,0.0,0.024544002,0.01740812,0.15879345,0.16241997,0.09347289,0.09603496,0.0,0.0,0.118110366,0.0,0.0,0.027465913,0.0378437,0.042798005,0.1053654,0.11531713,3.3333333e-10
0.13756275,0.08093191,0.0,0.060358163,0.0,0.0,0.0,0.1358306,0.08033908,0.13317198,0.0,0.0,0.0,0.0,0.048719738,0.0,0.027850514,0.106737256,0.04501233,0.16513793,0.059260987,0.0,0.0,0.0,0.0,0.0,0.015456856,0.024033962,0.027634934,0.1439574,0.17900883,0.011795075,0.0070796264,0.0,0.0,0.023197843,0.016520645,0.1739081,0.17566231,0.1020537,0.10470847,0.0,0.0,0.11767599,0.0,0.0,0.026043631,0.03673789,0.041494675,0.10299424,0.11187293,2.5e-10
0.13712114,0.07451255,0.0,0.063152924,0.0,0.0,0.0,0.13539074,0.07393421,0.13619842,0.0,0.0,0.0,0.0,0.058662627,0.0,0.027104374,0.14337787,0.044732235,0.18015705,0.053514183,0.0,0.0,0.0,0.0,0.0,0.011495848,0.02601947,0.02967478,0.15630165,0.19118595,0.0118879685,0.006870938,0.0,0.0,0.021665739,0.015483833,0.19800244,0.19842462,0.11535799,0.11816965,0.0,0.0,0.117345646,0.0,0.0,0.024278248,0.035677347,0.040235274,0.10041737,0.10863061,2.3333332e-10
0.13690747,0.06851612,0.0,0.06367193,0.0,0.0,0.0,0.13516624,0.06796013,0.13698472,0.0,0.0,0.0,0.0,0.07482864,0.0,0.026865855,0.18568128,0.044481996,0.20485657,0.050629657,0.0,0.0,0.0,0.0,0.0,0.0072868206,0.029027082,0.032692805,0.17367275,0.20839831,0.01192069,0.006738952,0.0,0.0,0.020089846,0.014415625,0.2343088,0.23348501,0.13286713,0.13605012,0.0,0.0,0.11737133,0.0,0.0,0.022353332,0.03498585,0.039414823,0.09862954,0.10679277,2.5e-10
0.13680422,0.06397182,0.0,0.06245915,0.0,0.0,0.0,0.13504338,0.06343818,0.13606296,0.0,0.0,0.0,0.0,0.09328227,0.0,0.026976846,0.23052654,0.044238288,0.23162328,0.049269654,0.0,0.0,0.0,0.0,0.0,0.003020104,0.032643724,0.036279667,0.19308098,0.22775708,0.011857537,0.0066782986,0.0,0.0,0.018576179,0.013369353,0.27466196,0.27263233,0.15219109,0.15580565,0.0,0.0,0.11767184,0.0,0.0,0.020384967,0.034516286,0.03885461,0.09740935,0.10576195,2.6666666e-10
0.13674363,0.062561154,0.0,0.055574536,0.0,0.0,0.0,0.13495752,0.062059574,0.12932783,0.0,0.0,0.0,0.0,0.11257736,0.0,0.0272947,0.26491368,0.043914393,0.24133767,0.04868049,0.0,0.0,0.0,0.0,0.0,0.0008067847,0.036527317,0.040108636,0.21041816,0.24363011,0.011682853,0.0066534746,0.0,0.0,0.017517995,0.012599115,0.3054366,0.30230352,0.16828896,0.1718872,0.0,0.0,0.11810973,0.0,0.0,0.018822368,0.034132056,0.038396057,0.09638314,0.10502592,2.8333333e-10
0.13671167,0.06131141,0.0,0.047809772,0.0,0.0,0.0,0.13489516,0.060845405,0.12160621,0.0,0.0,0.0,0.0,0.13094597,0.0,0.02770686,0.28698713,0.0432287,0.24295822,0.048368007,0.0,0.0,0.0,0.0,0.0,0.0,0.039757505,0.04302345,0.22551845,0.25719154,0.011412571,0.006606421,0.0,0.0,0.01673611,0.0120269265,0.33074465,0.32663724,0.18179178,0.18567617,0.0,0.0,0.11856524,0.0,0.0,0.017560173,0.033761296,0.037970994,0.09525169,0.1042956,2.6666666e-10
0.13673156,0.060865767,0.0,0.039635714,0.0,0.0,0.0,0.13488108,0.06043362,0.11334892,0.0,0.0,0.0,0.0,0.1432714,0.0,0.028143039,0.29365015,0.041773602,0.24052829,0.047711834,0.0,0.0,0.0,0.0,0.0,0.0,0.042282555,0.045264564,0.23720281,0.26798484,0.011088124,0.0065247905,0.0,0.0,0.01617064,0.011607944,0.3493804,0.3451915,0.19076437,0.1950215,0.0,0.0,0.11895354,0.0,0.0,0.016499877,0.033367004,0.037543155,0.093830094,0.10335067,2.6666666e-10
0.1368051,0.061691396,0.0,0.029910536,0.0,0.0,0.0,0.13491891,0.061294883,0.10341062,0.0,0.0,0.0,0.0,0.15006144,0.0,0.02855286,0.28982496,0.039816342,0.23621191,0.04670864,0.0,0.0,0.0,0.0,0.0,0.0,0.044012234,0.046828754,0.24386503,0.27404362,0.010742924,0.0063962233,0.0,0.0,0.015757864,0.011323323,0.36460927,0.35958526,0.19877172,0.20337035,0.0,0.0,0.119278364,0.0,0.0,0.015517207,0.03293763,0.03710212,0.092404135,0.10234636,2.5e-10
0.13695394,0.06323374,0.0,0.021245101,0.0,0.0,0.0,0.13503131,0.06286647,0.094521165,0.0,0.0,0.0,0.0,0.15222877,0.0,0.028935676,0.28154323,0.037633996,0.23174982,0.04553432,0.0,0.0,0.0,0.0,0.0,0.0,0.045038,0.04775864,0.24751486,0.2771428,0.010393368,0.006218063,0.0,0.0,0.015460657,0.011146001,0.37497884,0.3694097,0.2065497,0.21137705,0.0,0.0,0.119531915,0.0,0.0,0.014589653,0.03248106,0.03665103,0.0909831,0.10131303,2.6666666e-10
0.13713138,0.06499395,0.0,0.013661638,0.0,0.0,0.0,0.13517137,0.06465194,0.086727925,0.0,0.0,0.0,0.0,0.1534063,0.0,0.029278226,0.27395466,0.035344064,0.22922774,0.04427598,0.0,0.0,0.0,0.0,0.0,0.0,0.045633886,0.048295673,0.25045305,0.2789079,0.010042391,0.0059963763,0.0,0.0,0.01525416,0.011060822,0.38377592,0.37769094,0.21439922,0.21942155,0.0,0.0,0.119702175,0.0,0.0,0.01371347,0.032006446,0.036200833,0.08958988,0.100289285,3.3333333e-10
0.13728552,0.0663936,0.0,0.010373429,0.0,0.0,0.0,0.13528626,0.06606155,0.08335555,0.0,0.0,0.0,0.0,0.1542393,0.0,0.029575111,0.27074656,0.033066753,0.23063122,0.0430646,0.0,0.0,0.0,0.0,0.0,0.0,0.04600099,0.04860662,0.25306815,0.2800299,0.0096806865,0.0057477592,0.0,0.0,0.015113565,0.011046375,0.39171672,0.3851227,0.22219945,0.22740163,0.0,0.0,0.1198553,0.0,0.0,0.012918226,0.031533252,0.035774793,0.08826055,0.09932983,4.5e-10
0.13735835,0.067788266,0.0,0.008607376,0.0,0.0,0.0,0.13531938,0.06745996,0.0815599,0.0,0.0,0.0,0.0,0.15534942,0.0,0.029831422,0.27022108,0.031102512,0.23374914,0.041942514,0.0,0.0,0.0,0.0,0.0,0.0,0.046220496,0.048764642,0.2555225,0.28084156,0.009310977,0.0054922863,0.0,0.0,0.015035998,0.0110959085,0.39929914,0.3921794,0.22936797,0.23459454,0.0,0.0,0.120039254,0.0,0.0,0.0122373365,0.031069024,0.035375863,0.087180115,0.09853635,6.5e-10
0.13735957,0.06968168,0.0,0.0065397792,0.0,0.0,0.0,0.13528198,0.06935725,0.07946273,0.0,0.0,0.0,0.0,0.1566925,0.0,0.030066803,0.2679476,0.029859232,0.23852393,0.04127654,0.0,0.0,0.0,0.0,0.0,0.0,0.046329003,0.048800465,0.25787875,0.28148812,0.008948271,0.0052396213,0.0,0.0,0.015003458,0.011189769,0.4054175,0.39792335,0.23519857,0.24042286,0.0,0.0,0.120279565,0.0,0.0,0.011742864,0.030617822,0.03500724,0.08654703,0.098090015,8.3333335e-10
0.13729224,0.073107794,0.0,0.005028435,0.0,0.0,0.0,0.13517797,0.07278213,0.0779529,0.0,0.0,0.0,0.0,0.15808763,0.0,0.030308893,0.26443028,0.02904402,0.24437699,0.04090548,0.0,0.0,0.0,0.0,0.0,0.0,0.046354104,0.048744127,0.2601053,0.28201205,0.008601439,0.00499801,0.0,0.0,0.015004181,0.011313941,0.41025114,0.40251315,0.24044503,0.24579915,0.0,0.0,0.12055162,0.0,0.0,0.011357556,0.030169142,0.034656882,0.086232394,0.09790474,9.666666e-10
0.13713054,0.07761836,0.0,0.0039545842,0.0,0.0,0.0,0.13498329,0.07728725,0.07689492,0.0,0.0,0.0,0.0,0.15938614,0.0,0.030564943,0.25922576,0.028389724,0.25084284,0.040641695,0.0,0.0,0.0,0.0,0.0,0.0,0.046304278,0.048611872,0.2618107,0.2823739,0.008278797,0.0047670957,0.0,0.0,0.015039627,0.011465652,0.41483825,0.40688547,0.24537554,0.25083572,0.0,0.0,0.120806366,0.0,0.0,0.011035678,0.029720832,0.034321297,0.08614204,0.09792515,1.0333333e-09
0.13690427,0.08542341,0.0,0.0032572593,0.0,0.0,0.0,0.1347299,0.0850852,0.07515488,0.0,0.0,0.0,0.0,0.16001345,0.0,0.030862264,0.25059733,0.02779921,0.25621322,0.040414996,0.0,0.0,0.0,0.0,0.0,0.0,0.04619436,0.048425402,0.26272562,0.28260267,0.007991076,0.0045481557,0.0,0.0,0.015120268,0.011651571,0.42051157,0.41247547,0.2508024,0.25659698,0.0,0.0,0.12102768,0.0,0.0,0.010752492,0.029261513,0.033988755,0.08623427,0.09812328,1e-09
0.1366734,0.09391323,0.0,0.0024184391,0.0,0.0,0.0,0.13447885,0.09356793,0.07317655,0.0,0.0,0.0,0.0,0.16067357,0.0,0.031227607,0.24036154,0.027219474,0.26045278,0.040193122,0.0,0.0,0.0,0.0,0.0,0.0,0.04602381,0.04818695,0.2632031,0.2827686,0.0077443672,0.0043398743,0.0,0.0,0.015244245,0.011869325,0.42651227,0.41844884,0.25646073,0.2627063,0.0,0.0,0.121189386,0.0,0.0,0.010491266,0.028779298,0.033643696,0.08643948,0.09843111,9.333333e-10
0.13647817,0.10292646,0.0,0.0012509823,0.0,0.0,0.0,0.13426918,0.102576025,0.070650555,0.0,0.0,0.0,0.0,0.16135623,0.0,0.031727284,0.23083225,0.026696397,0.26518914,0.04003647,0.0,0.0,0.0,0.0,0.0,0.0,0.045811057,0.047912035,0.26340875,0.28289393,0.0075441864,0.004155643,0.0,0.0,0.015379789,0.012086878,0.4322505,0.42422745,0.2617119,0.2685836,0.0,0.0,0.12131136,0.0,0.0,0.0102607645,0.028282456,0.033286422,0.086816974,0.09893373,8.5e-10
0.13625325,0.11017001,0.0,0.00043411943,0.0,0.0,0.0,0.13403352,0.10980855,0.069737084,0.0,0.0,0.0,0.0,0.15915105,0.0,0.03226352,0.22677897,0.026326673,0.26999784,0.03999817,0.0,0.0,0.0,0.0,0.0,0.0,0.045565367,0.04761117,0.26185295,0.28180468,0.0074138716,0.004008212,0.0,0.0,0.015461368,0.012240619,0.4238481,0.41609082,0.2613318,0.26849598,0.0,0.0,0.12142969,0.0,0.0,0.01006624,0.02779832,0.032933604,0.087763056,0.10003984,7.666667e-10
0.13572834,0.11320543,0.0,0.0014775274,0.0,0.0,0.0,0.13349596,0.11283136,0.07083984,0.0,0.0,0.0,0.0,0.14857358,0.0,0.032777365,0.22343954,0.026988655,0.27637163,0.04033509,0.0,0.0,0.0,0.0,0.0,0.0009267903,0.045269188,0.047268227,0.2530373,0.2754681,0.0073832045,0.0039182664,0.0,0.0,0.015404088,0.012224755,0.40071827,0.3938849,0.25022328,0.25735587,0.0,0.0,0.12159872,0.0,0.0,0.0099346135,0.027364893,0.03260289,0.08983089,0.101916194,6.8333333e-10
0.13489352,0.111813165,0.0,0.0044559943,0.0,0.0,0.0,0.13265842,0.11142772,0.07382548,0.0,0.0,0.0,0.0,0.13558787,0.0,0.033211686,0.21627654,0.02868118,0.282552,0.041013215,0.0,0.0,0.0,0.0,0.0,0.003744573,0.044797637,0.046797898,0.24204776,0.2673333,0.0074853264,0.00389084,0.0,0.0,0.01518169,0.011990532,0.37049425,0.3647394,0.23456444,0.24146365,0.0,0.0,0.12180955,0.0,0.0,0.009881024,0.026987722,0.032290984,0.09245935,0.10406868,6.1666666e-10
0.1336266,0.105159774,0.0,0.009824576,0.0,0.0,0.0,0.13140792,0.104758054,0.08026244,0.0,0.0,0.0,0.0,0.12115844,0.0,0.03352504,0.20354764,0.031326625,0.28346378,0.042021874,0.0,0.0,0.0,0.0,0.0,0.007972854,0.04382423,0.04587849,0.22989424,0.25825265,0.0077319825,0.0039166827,0.0,0.0,0.014804414,0.011569816,0.33353096,0.32938388,0.21331345,0.21963353,0.0,0.0,0.12203862,0.0,0.0,0.009930831,0.02668055,0.032004938,0.095545515,0.10641522,5.6666666e-10
0.13208678,0.097521335,0.0,0.014918254,0.0,0.0,0.0,0.12991108,0.097106054,0.08647574,0.0,0.0,0.0,0.0,0.10551636,0.0,0.033686344,0.18794829,0.034651138,0.28156656,0.04359138,0.0,0.0,0.0,0.0,0.0,0.012873681,0.042347435,0.04450762,0.21674305,0.24816963,0.00812786,0.0039912504,0.0,0.0,0.014339674,0.011026638,0.29316348,0.29086855,0.1889617,0.19453596,0.0,0.0,0.1222767,0.0,0.0,0.010253847,0.026444595,0.031745363,0.098824285,0.108835034,5e-10
0.13006939,0.087743945,0.0,0.021876348,0.0,0.0,0.0,0.12796354,0.08731214,0.09478995,0.0,0.0,0.0,0.0,0.08901465,0.0,0.033609778,0.16981766,0.03836985,0.2750444,0.04534361,0.0,0.0,0.0,0.0,0.0,0.018206807,0.04052977,0.042821214,0.20310119,0.23744485,0.008658751,0.004094778,0.0,0.0,0.013805504,0.010386022,0.25079378,0.25037417,0.16285446,0.16761753,0.0,0.0,0.122501306,0.0,0.0,0.010745473,0.026255187,0.03149481,0.10209917,0.11114657,3.8333334e-10
0.12789182,0.078418955,0.0,0.029139219,0.0,0.0,0.0,0.12586452,0.0779782,0.102162175,0.0,0.0,0.0,0.0,0.074956134,0.0,0.033374418,0.15098986,0.042353082,0.26702097,0.047208842,0.0,0.0,0.0,0.0,0.000163321,0.023927234,0.03856163,0.04099824,0.19080804,0.22758976,0.009288872,0.004221292,0.0,0.0,0.013245151,0.009696968,0.22061995,0.2222875,0.14068586,0.14501473,0.0,0.0,0.12269098,0.0,0.0,0.011370034,0.026092717,0.03123802,0.10494195,0.11294535,2.5e-10
0.12587611,0.07095805,0.0,0.03514617,0.0,0.0,0.0,0.12393561,0.070512705,0.10814916,0.0,0.0,0.0,0.0,0.06908415,0.0,0.032974813,0.13774659,0.045607395,0.2579788,0.048909802,0.0,0.0,0.0,0.0,0.0006599007,0.028933996,0.036563523,0.039152205,0.18560164,0.2227943,0.009959021,0.0043544224,0.0,0.0,0.012715576,0.009047105,0.20389712,0.20703217,0.12825106,0.13233192,0.0,0.0,0.1227826,0.0,0.0,0.0120552555,0.025929663,0.030968232,0.10668866,0.11396928,1.5e-10
0.124105364,0.06527203,0.0,0.040155064,0.0,0.0,0.0,0.12224115,0.06482555,0.1132148,0.0,0.0,0.0,0.0,0.06553847,0.0,0.03229978,0.13336495,0.04809877,0.24918644,0.0504172,0.0,0.0,0.0,0.0,0.0014057325,0.03216872,0.03473712,0.0374396,0.1825861,0.21971226,0.010620745,0.0044954396,0.0,0.0,0.0121729225,0.008448601,0.19350313,0.1969833,0.11916801,0.123094894,0.0,0.0,0.12280129,0.0,0.0,0.012733145,0.025763651,0.030694906,0.10783934,0.11466709,6.6666665e-11
0.12274977,0.062119495,0.0,0.040613353,0.0,0.0,0.0,0.12093779,0.061681967,0.113664,0.0,0.0,0.0,0.0,0.063477725,0.0,0.0314974,0.13972332,0.04980064,0.24742419,0.05166239,0.0,0.0,0.0,0.0,0.002286438,0.034015864,0.03345103,0.03622008,0.1810154,0.21751921,0.0112391785,0.0046397555,0.0,0.0,0.011607023,0.007863099,0.1927927,0.19455808,0.117352866,0.121018335,0.0,0.0,0.122781545,0.0,0.0,0.0133246705,0.025606925,0.030436695,0.108438194,0.11506239,5e-11
0.12191656,0.063456565,0.0,0.035519674,0.0,0.0,0.0,0.12010437,0.06309432,0.09686791,0.0,0.0,0.0,0.0,0.06493347,0.0,0.030567924,0.15274456,0.050906595,0.24822704,0.052346397,0.0,0.0,0.0,0.0,0.003244016,0.035109337,0.032748327,0.03553558,0.18255852,0.2164468,0.011792575,0.0047891806,0.0,0.0,0.010994788,0.0072745183,0.19928063,0.19880365,0.12036136,0.123635754,0.0,0.0,0.12259097,0.0,0.0,0.0136417365,0.025478695,0.03021296,0.10873326,0.11525494,5e-11
0.121708214,0.068797715,0.012049108,0.028561579,0.0,0.0,0.0,0.11986194,0.068583794,0.07773619,0.005273722,0.0,0.0,0.0,0.06810191,0.0,0.02957044,0.16947952,0.05161006,0.25131634,0.052749418,0.0,0.0,0.0,0.0,0.0041977833,0.035315637,0.032495923,0.035285957,0.18536147,0.21617869,0.0122732725,0.004955905,0.0,0.0,0.010357835,0.0066997753,0.20986237,0.20687465,0.12578022,0.1285912,0.0,0.0,0.12207838,0.0,0.0,0.013764204,0.025395527,0.030030783,0.10887034,0.1153383,5e-11
0.121808186,0.07525234,0.027201623,0.02129871,0.0,0.0,0.0,0.11991688,0.07520078,0.0583093,0.013433204,0.0,0.0,0.0,0.072993524,0.0,0.028578792,0.19022016,0.051947188,0.25509897,0.052957814,0.0,0.0,0.0,0.0,0.0049136765,0.03473791,0.03254574,0.03532787,0.18899426,0.21677612,0.012662455,0.0051339804,0.0,0.0,0.009738251,0.0061684353,0.22356907,0.21813461,0.1332678,0.13541096,0.0,0.0,0.12110107,0.0,0.0,0.013733599,0.025358729,0.029886106,0.108871974,0.11529687,6.6666665e-11
0.122096635,0.08102193,0.04239674,0.014096889,0.0,0.0,0.0,0.120156616,0.08112705,0.038927186,0.021656655,0.0,0.0,0.0,0.07878335,0.0,0.027651044,0.20828456,0.05200643,0.25681984,0.05296594,0.0,0.0,0.0,0.0,0.0051960326,0.03363961,0.03279784,0.03556374,0.19307284,0.21792102,0.012974655,0.0053078914,0.0,0.0,0.009164256,0.00569877,0.23868276,0.23079409,0.1418131,0.14316605,0.0,0.0,0.11973145,0.0,0.0,0.013580056,0.02536967,0.029771658,0.108761914,0.11511897,8.333333e-11
0.12250179,0.08759751,0.05593227,0.0058268714,0.0,0.0,0.0,0.12051527,0.08784834,0.01843301,0.028309012,0.0,0.0,0.0,0.08569557,0.0,0.026947455,0.22385874,0.051748835,0.25740778,0.052832384,0.0,0.0,0.0,0.0,0.0051080445,0.03213942,0.033172593,0.03591377,0.19757062,0.21956103,0.013203342,0.005456799,0.0,0.0,0.008701868,0.0053297724,0.25554353,0.24583672,0.15236057,0.15288743,0.0,0.0,0.117971666,0.0,0.0,0.013350868,0.02541557,0.029676767,0.108558655,0.11481044,1e-10
0.1229902,0.09358888,0.06782623,0.0,0.0,0.0,0.0,0.12096185,0.0939733,0.00044535365,0.033438835,0.0,0.0,0.0,0.09316131,0.0,0.026360815,0.23531382,0.05116458,0.25543958,0.052597944,0.0,0.0,0.0,0.0,0.0047660097,0.03046396,0.033603795,0.036313154,0.20203921,0.2215107,0.013358869,0.0055782488,0.0,0.0,0.008348447,0.0050671753,0.2689936,0.25886428,0.16145487,0.16135718,0.0,0.0,0.11583123,0.0,0.0,0.013082486,0.025483953,0.029592086,0.10829781,0.114404306,1e-10
0.123216674,0.09444828,0.078205466,0.0,0.0,0.0,0.0,0.12117324,0.094888896,0.0,0.037158098,0.0,0.0,0.0,0.09832852,0.0,0.02592337,0.24292374,0.050115906,0.25265834,0.052268893,0.0,0.0,0.0,0.0,0.0041989367,0.028685655,0.03403485,0.036710102,0.20450757,0.22343227,0.013441235,0.0056643556,0.0,0.0,0.008096662,0.0048965025,0.27916682,0.26894498,0.1692918,0.16867657,0.0,0.0,0.113338925,0.0,0.0,0.012785304,0.025546437,0.029495714,0.10796724,0.1138779,8.333333e-11
0.12325463,0.09269213,0.07583239,0.0,0.0,0.0,0.0,0.12120607,0.09311508,0.0,0.03493658,0.0,0.0,0.0,0.10258776,0.0,0.02562765,0.24759264,0.048755597,0.25087708,0.051911507,0.0,0.0,0.0,0.0,0.0034777978,0.027012575,0.0344227,0.03705944,0.20624726,0.2251924,0.013452566,0.005706264,0.0,0.0,0.007940091,0.004809218,0.28771967,0.27765897,0.1769006,0.17589185,0.0,0.0,0.110418424,0.0,0.0,0.012477451,0.02561491,0.029409975,0.10754413,0.11324236,8.333333e-11
0.12311753,0.091851786,0.07054935,0.0,0.0,0.0,0.0,0.12106961,0.0922447,0.0,0.030007629,0.0,0.0,0.0,0.10554107,0.0,0.025420418,0.2468302,0.04705715,0.24933113,0.051457956,0.0,0.0,0.0,0.0,0.0026762995,0.025568461,0.03473543,0.037333325,0.20745976,0.22645804,0.013424748,0.005697598,0.0,0.0,0.007848077,0.004779614,0.29422373,0.28427058,0.18368678,0.18247734,0.0,0.0,0.10735917,0.0,0.0,0.012144737,0.025677545,0.029331757,0.10704013,0.11249328,8.333333e-11
0.12287102,0.09185368,0.06596251,0.0,0.0,0.0,0.0,0.1208274,0.09222391,0.0,0.025714641,0.0,0.0,0.0,0.10775299,0.0,0.025274787,0.24325755,0.045060538,0.24805722,0.050679974,0.0,0.0,0.0,0.0,0.0018973639,0.024314877,0.03496736,0.037527006,0.20836367,0.22740711,0.013367737,0.0056342003,0.0,0.0,0.0077929446,0.0047843265,0.2987858,0.28918365,0.1899718,0.18868442,0.0,0.0,0.104116656,0.0,0.0,0.0117832655,0.025717793,0.02925251,0.106413774,0.11149817,8.333333e-11
0.122522056,0.0926596,0.063343234,0.0,0.0,0.0,0.0,0.12048552,0.09301981,0.0,0.0232876,0.0,0.0,0.0,0.10884298,0.0,0.02519133,0.23605558,0.042599175,0.24668576,0.04933424,0.0,0.0,0.0,0.0,0.0012395201,0.023229893,0.035113942,0.037636258,0.20881242,0.22795376,0.013299016,0.0055170497,0.0,0.0,0.0077692685,0.0048162667,0.3006995,0.29157886,0.195049,0.19361731,0.0,0.0,0.10087059,0.0,0.0,0.011380529,0.025741214,0.029173417,0.10565941,0.110291645,6.6666665e-11
0.12203343,0.092954524,0.061818868,0.0,0.0,0.0,0.0,0.1200069,0.09330813,0.0,0.021898666,0.0,0.0,0.0,0.108894184,0.0,0.025121888,0.22661643,0.039969362,0.24519809,0.04751423,0.0,0.0,0.0,0.0,0.00070084917,0.02189638,0.03518955,0.037680235,0.20892818,0.22814153,0.013225303,0.0053583565,0.0,0.0,0.007770861,0.0048714066,0.30113658,0.29249933,0.19869097,0.19707893,0.0,0.0,0.097673774,0.0,0.0,0.010943577,0.025758844,0.029108014,0.1048427,0.10901202,5e-11
0.12118185,0.09375505,0.06186216,0.0,0.0,0.0,0.0,0.11917945,0.09411146,0.0,0.021976696,0.0,0.0,0.0,0.10836795,0.0,0.025036613,0.21650092,0.037507895,0.24310717,0.04530392,0.0,0.0,0.0,0.0,0.00031034416,0.020560855,0.035213675,0.03767819,0.20885362,0.22811262,0.013159068,0.0051677204,0.0,0.0,0.0077702305,0.004926365,0.3003641,0.29210848,0.20131305,0.19956501,0.0,0.0,0.0947744,0.0,0.0,0.010474903,0.025769662,0.02905353,0.10398645,0.10772049,5e-11
0.12011596,0.094378844,0.06242462,0.0,0.0,0.0,0.0,0.11814888,0.09473985,0.0,0.02255764,0.0,0.0,0.0,0.10752617,0.0,0.024940703,0.20655476,0.035132356,0.24045885,0.04279694,0.0,0.0,0.0,0.0,7.771607e-05,0.01926832,0.03520376,0.037647173,0.20870806,0.22800285,0.013097914,0.0049481373,0.0,0.0,0.0077610346,0.004972905,0.29919288,0.29127252,0.20335595,0.20142032,0.0,0.0,0.092460394,0.0,0.0,0.00996723,0.02576208,0.02899355,0.10308621,0.106386006,3.3333333e-11
0.11895604,0.09372624,0.06251767,0.0,0.0,0.0,0.0,0.11703119,0.094085574,0.0,0.022710606,0.0,0.0,0.0,0.106508024,0.0,0.024846183,0.19827862,0.032970257,0.23763205,0.040184893,0.0,0.0,0.0,0.0,0.0,0.01786532,0.03517191,0.03759736,0.2084901,0.22780508,0.013024689,0.0047111823,0.0,0.0,0.0077506695,0.005019485,0.29793054,0.29031423,0.20500311,0.20289554,0.0,0.0,0.09062619,0.0,0.0,0.009440551,0.025747672,0.028936142,0.10216707,0.10508202,1.6666666e-11
0.11772455,0.09300632,0.0617206,0.0,0.0,0.0,0.0,0.11584446,0.09335935,0.0,0.02203228,0.0,0.0,0.0,0.105464876,0.0,0.024779331,0.19148633,0.031031901,0.2353487,0.037791476,0.0,0.0,0.0,0.0,0.0,0.016419318,0.035119377,0.037526175,0.20824574,0.22756062,0.012927172,0.004462138,0.0,0.0,0.007757507,0.005082529,0.2978527,0.29034066,0.20729613,0.20502698,0.0,0.0,0.089271925,0.0,0.0,0.008914862,0.025735984,0.028889481,0.10127199,0.103963286,0.0
0.11646973,0.09185165,0.060469713,0.0,0.0,0.0,0.0,0.11463571,0.09219472,0.0,0.020930544,0.0,0.0,0.0,0.10448077,0.0,0.024730401,0.18760306,0.029587133,0.23346558,0.03589465,0.0,0.0,0.0,0.0,0.0,0.014964317,0.03505765,0.037445646,0.20804332,0.22733666,0.012807039,0.0042122705,0.0,0.0,0.007763924,0.0051463763,0.2981799,0.29070905,0.20942836,0.20715699,0.0,0.0,0.08823261,0.0,0.0,0.008404946,0.025731787,0.028857391,0.10043893,0.10303414,0.0
0.11520546,0.09068656,0.05960058,0.0,0.0,0.0,0.0,0.11341743,0.091021694,0.0,0.020170689,0.0,0.0,0.0,0.10383909,0.0,0.024724763,0.1855853,0.028454483,0.23189786,0.034424704,0.0,0.0,0.0,0.0,0.0,0.013813544,0.03498772,0.037352666,0.20793663,0.22720125,0.012664123,0.0039612064,0.0,0.0,0.0077647613,0.005204365,0.29906654,0.29157284,0.21185903,0.2096524,0.0,0.0,0.08744288,0.0,0.0,0.007914807,0.02572048,0.028820558,0.099632315,0.10218629,0.0
0.114186086,0.08956745,0.058651052,0.0,0.0,0.0,0.0,0.11243264,0.089894384,0.0,0.019336358,0.0,0.0,0.0,0.103402175,0.0,0.02478148,0.18436356,0.027496748,0.23112111,0.03333057,0.0,0.0,0.0,0.0,0.0,0.012804625,0.034900427,0.037237473,0.20789604,0.22714041,0.012499745,0.0037095903,0.0,0.0,0.007765456,0.005259294,0.300385,0.29287618,0.2144338,0.21232739,0.0,0.0,0.08678358,0.0,0.0,0.007454057,0.025697429,0.02877706,0.09886761,0.10141189,0.0
0.113301545,0.0889749,0.05816885,0.0,0.0,0.0,0.0,0.111571394,0.08929758,0.0,0.018929945,0.0,0.0,0.0,0.10304399,0.0,0.024865841,0.18280992,0.026707953,0.23098867,0.032508772,0.0,0.0,0.0,0.0,0.0,0.012126678,0.034784205,0.037089523,0.20788676,0.22710235,0.01234932,0.0034659456,0.0,0.0,0.0077534784,0.005302734,0.30178648,0.2942575,0.21701477,0.21504103,0.0,0.0,0.0862133,0.0,0.0,0.007035118,0.025659245,0.028730903,0.09821121,0.1007886,0.0
0.11252589,0.088982195,0.05884576,0.0,0.0,0.0,0.0,0.110810585,0.089308105,0.0,0.01960303,0.0,0.0,0.0,0.102714814,0.0,0.02497145,0.18096508,0.026021747,0.23167427,0.031833425,0.0,0.0,0.0,0.0,0.0,0.011873937,0.034633882,0.03690295,0.20793357,0.22710975,0.012230605,0.0032279252,0.0,0.0,0.0077245077,0.005331231,0.3032195,0.29565746,0.21958315,0.21780571,0.0,0.0,0.085723706,0.0,0.0,0.006659897,0.0256063,0.028688101,0.09767452,0.10030745,0.0
0.11181369,0.091636896,0.06522937,0.0,0.0,0.0,0.0,0.11010979,0.09200531,0.0,0.025577141,0.0,0.0,0.0,0.10239152,0.0,0.025084596,0.17901304,0.025445018,0.2332589,0.031281017,0.0,0.0,0.0,0.0,0.0,0.011867191,0.03447872,0.036709916,0.20802945,0.2271628,0.01215672,0.003011121,0.0,0.0,0.0076909307,0.005355773,0.3044615,0.2968502,0.22133994,0.21977805,0.0,0.0,0.085355595,0.0,0.0,0.0063457955,0.025549173,0.028655427,0.09732041,0.10002374,0.0
0.111138955,0.09645635,0.07508341,0.0,0.0,0.0,0.0,0.10944452,0.09689714,0.0,0.034746516,0.0,0.0,0.0,0.10211196,0.0,0.025212979,0.17703252,0.024987025,0.23699868,0.030878209,0.0,0.0,0.0,0.0,0.0,0.012088615,0.034328267,0.03652088,0.20816635,0.22725825,0.012129766,0.0028255254,0.0,0.0,0.0076722368,0.0053936625,0.30590618,0.2981744,0.22266862,0.22129475,0.0,0.0,0.08514236,0.0,0.0,0.0061155995,0.0254886,0.028633405,0.097171724,0.099952385,1.6666666e-11
0.110524274,0.102744125,0.086245164,0.0,0.0,0.0,0.0,0.108837724,0.10327262,0.0,0.045092635,0.0,0.0,0.0,0.10199934,0.0,0.02536781,0.17510639,0.024642782,0.24153456,0.030632008,0.0,0.0,0.0,0.0,0.0,0.012572033,0.034191683,0.03634293,0.20854746,0.2276148,0.012153896,0.002670627,0.0,0.0,0.0076773865,0.0054531056,0.30843145,0.300576,0.22426753,0.22319295,0.0,0.0,0.085088335,0.0,0.0,0.0059713284,0.025418641,0.028615791,0.097207375,0.100064546,5e-11
0.11000019,0.11126279,0.099000975,0.0,0.0,0.0,0.0,0.108317435,0.11190176,0.0,0.056867734,0.0,0.0,0.0,0.10339688,0.0,0.025567245,0.17374,0.024407256,0.24669199,0.030556988,0.0,0.0,0.0,0.0,0.0,0.013246526,0.0340895,0.036194455,0.2096831,0.2287603,0.012219698,0.0025481246,0.0,0.0,0.0077271494,0.0055556344,0.31456193,0.3064295,0.2273887,0.22661409,0.0,0.0,0.08520485,0.0,0.0,0.00591479,0.0253485,0.028609456,0.09743371,0.100365154,1.8333333e-10
0.10955554,0.12107486,0.11287219,0.0,0.0,0.0,0.0,0.10787272,0.12184132,0.0,0.069646835,0.0,0.0,0.0,0.10671264,0.0,0.025821289,0.1737605,0.024239339,0.25276715,0.030645136,0.0,0.0,0.0,0.0,0.0,0.014026661,0.03403547,0.036086585,0.21170451,0.23055626,0.0122889085,0.0024504736,0.0,0.0,0.007847909,0.0057277125,0.32411456,0.3155098,0.23341888,0.23285681,0.0,0.0,0.08547111,0.0,0.0,0.0059393817,0.025281124,0.028616305,0.09779726,0.10079932,5.833333e-10
0.109134786,0.13094528,0.12621315,0.0,0.0,0.0,0.0,0.107449144,0.131839,0.0,0.081912115,0.0,0.0,0.0,0.11108376,0.0,0.026128232,0.17503639,0.024131741,0.25997418,0.030907413,0.0,0.0,0.0,0.0,0.0,0.014789257,0.034032617,0.036023844,0.2140772,0.23263818,0.0123391505,0.002379981,0.0,0.0,0.008046423,0.0059741894,0.33515957,0.3260676,0.24074186,0.24031311,0.0,0.0,0.08584869,0.0,0.0,0.0060405107,0.025216607,0.028630123,0.098271854,0.10133692,1.1166666e-09
0.10878365,0.13808224,0.13402465,0.0,0.0,0.0,0.0,0.107091784,0.13906367,0.0,0.08902679,0.0,0.0,0.0,0.116481304,0.0,0.026490703,0.17752138,0.024034716,0.2669098,0.031279497,0.0,0.0,0.0,0.0,0.0,0.015605093,0.034064125,0.035987902,0.21685393,0.23498566,0.012356416,0.0023219981,0.0,0.0,0.008310251,0.0062830164,0.34793618,0.33839223,0.24916136,0.24882925,0.0,0.0,0.08624213,0.0,0.0,0.006183664,0.02513933,0.028635424,0.09877537,0.10188585,1.65e-09
0.10850084,0.14284022,0.13860111,0.0,0.0,0.0,0.0,0.10679936,0.1438791,0.0,0.09316563,0.0,0.0,0.0,0.1224744,0.0,0.026894776,0.18122806,0.023921955,0.27200568,0.031713318,0.0,0.0,0.0,0.0,0.0,0.016438419,0.03412567,0.035974447,0.21982734,0.2374832,0.012334344,0.0022672724,0.0,0.0,0.008623653,0.0066391635,0.36113366,0.35121998,0.258123,0.2578404,0.0,0.0,0.08659072,0.0,0.0,0.006341446,0.02505404,0.028633757,0.099268556,0.10240242,2.1e-09
0.108255915,0.1459191,0.1420493,0.0,0.0,0.0,0.0,0.10654225,0.14699914,0.0,0.09628639,0.0,0.0,0.0,0.12900163,0.0,0.027330825,0.18634807,0.023792392,0.27646157,0.032199636,0.0,0.0,0.0,0.0,0.0,0.017217861,0.0342093,0.035978388,0.22268818,0.239838,0.012259907,0.002218604,0.0,0.0,0.008976618,0.007032011,0.373453,0.36324564,0.26670963,0.26628792,0.0,0.0,0.086859964,0.0,0.0,0.006506697,0.024970282,0.02863116,0.0997487,0.102879696,2.3166666e-09
0.10801323,0.14667547,0.14352328,0.0,0.0,0.0,0.0,0.10628638,0.14777024,0.0,0.09762331,0.0,0.0,0.0,0.13437742,0.0,0.02778096,0.1918513,0.023647584,0.2802971,0.03271156,0.0,0.0,0.0,0.0,0.0,0.017939135,0.03429423,0.03598093,0.22486486,0.2414908,0.01213818,0.002168808,0.0,0.0,0.009336274,0.007427063,0.38209075,0.3717538,0.27377144,0.27317095,0.0,0.0,0.087008,0.0,0.0,0.006655072,0.024894362,0.028628992,0.10019663,0.10328984,2.3166666e-09
0.10775882,0.14585887,0.14339979,0.0,0.0,0.0,0.0,0.10601876,0.14694782,0.0,0.09750436,0.0,0.0,0.0,0.1381283,0.0,0.028240504,0.19737457,0.023505801,0.28306004,0.033219647,0.0,0.0,0.0,0.0,0.0,0.018620092,0.034371886,0.03597518,0.22625895,0.24262924,0.011986656,0.0021135872,0.0,0.0,0.009662422,0.007783466,0.38730624,0.37705436,0.27798307,0.27724996,0.0,0.0,0.087027326,0.0,0.0,0.0067672417,0.02481717,0.028608855,0.10060112,0.10360737,2.05e-09
0.107517295,0.14378646,0.1411038,0.0,0.0,0.0,0.0,0.105765365,0.14484727,0.0,0.09536213,0.0,0.0,0.0,0.1410154,0.0,0.028721718,0.20247942,0.023356048,0.28403556,0.03368315,0.0,0.0,0.0,0.0,0.0,0.019215118,0.034436416,0.035958637,0.22727875,0.24351747,0.011812849,0.0020516554,0.0,0.0,0.009947694,0.008091588,0.3909137,0.3808077,0.28089565,0.2800334,0.0,0.0,0.086918555,0.0,0.0,0.0068286997,0.024747003,0.028575689,0.10095724,0.10382979,1.6666667e-09
0.10729016,0.13989983,0.13131051,0.0,0.0,0.0,0.0,0.10552818,0.1408761,0.0,0.086221695,0.0,0.0,0.0,0.14298092,0.0,0.02923503,0.2067547,0.023211682,0.28421152,0.03410511,0.0,0.0,0.0,0.0,0.0,0.019707555,0.03448069,0.035925757,0.2278038,0.24412155,0.011631937,0.001990294,0.0,0.0,0.010184787,0.008342085,0.39256233,0.38268515,0.28265354,0.2816589,0.0,0.0,0.08670581,0.0,0.0,0.006845221,0.024703976,0.028549355,0.10127754,0.10397558,1.2333333e-09
0.10708438,0.13472073,0.116919994,0.0,0.0,0.0,0.0,0.10531402,0.13558115,0.0,0.07281617,0.0,0.0,0.0,0.14438695,0.0,0.02977846,0.20995398,0.02305246,0.28328198,0.034435,0.0,0.0,0.0,0.0,0.0,0.020085951,0.03450148,0.035873696,0.22806676,0.24457633,0.011451857,0.0019241004,0.0,0.0,0.010372981,0.008535055,0.3933479,0.38375795,0.2838046,0.2826897,0.0,0.0,0.086396724,0.0,0.0,0.006812258,0.024687264,0.028534506,0.101555385,0.104049504,8.5e-10
0.10691504,0.12915905,0.10146303,0.0,0.0,0.0,0.0,0.10513794,0.12989765,0.0,0.058434732,0.0,0.0,0.0,0.14507395,0.0,0.030341696,0.21140721,0.022860631,0.28123215,0.034627307,0.0,0.0,0.0,0.0,0.0,0.020342395,0.034494992,0.03580323,0.22808452,0.24488047,0.011284807,0.001852289,0.0,0.0,0.010513708,0.008671405,0.39342457,0.38414946,0.28445563,0.28325292,0.0,0.0,0.08600306,0.0,0.0,0.006724985,0.024700854,0.028538367,0.10178911,0.104061656,6.5e-10
0.106788054,0.12266313,0.08589916,0.0,0.0,0.0,0.0,0.10500647,0.12327796,0.0,0.043973796,0.0,0.0,0.0,0.14527838,0.0,0.03091215,0.21142703,0.022622729,0.27702323,0.03464016,0.0,0.0,0.0,0.0,0.0,0.020480983,0.034468524,0.035724558,0.2279144,0.24507436,0.011138311,0.0017774672,0.0,0.0,0.01061081,0.008756423,0.3929055,0.3841628,0.28434822,0.28305084,0.0,0.0,0.08553945,0.0,0.0,0.0065878467,0.024736516,0.028557083,0.10196112,0.104003824,5.333333e-10
0.10667057,0.114720754,0.069416724,0.0,0.0,0.0,0.0,0.104886495,0.11520364,0.0,0.028701926,0.0,0.0,0.0,0.14514574,0.0,0.031477597,0.21050514,0.022342253,0.27217546,0.034486227,0.0,0.0,0.0,0.0,0.0,0.020527124,0.034421038,0.035635978,0.22759363,0.24516544,0.011011129,0.0017015424,0.0,0.0,0.010673226,0.008800538,0.39185467,0.3838452,0.28382948,0.28242022,0.0,0.0,0.08503609,0.0,0.0,0.0064137895,0.024797285,0.028601125,0.10208097,0.103898644,4.1666667e-10
0.1065239,0.106406055,0.054481313,0.0,0.0,0.0,0.0,0.10473946,0.10676971,0.0,0.014907807,0.0,0.0,0.0,0.14478903,0.0,0.032028213,0.20918731,0.022049142,0.26699287,0.034191877,0.0,0.0,0.0,0.0,0.0,0.020531787,0.034367114,0.03554753,0.2272272,0.24525358,0.010908751,0.0016251629,0.0,0.0,0.010686108,0.008789986,0.3879085,0.38118812,0.28248605,0.2809526,0.0,0.0,0.084486604,0.0,0.0,0.0062093893,0.024867278,0.028652629,0.10211722,0.1037166,2.8333333e-10
0.10607731,0.09842538,0.047067687,0.0,0.0,0.0,0.0,0.104303464,0.0987239,0.0,0.00817741,0.0,0.0,0.0,0.1430706,0.0,0.03253488,0.20769419,0.021822544,0.2618482,0.033820935,0.0,0.0,0.0,0.0,0.0,0.02054478,0.03431515,0.035468243,0.22683032,0.24536195,0.010847598,0.0015624658,0.0,0.0,0.010626956,0.008702827,0.37505066,0.3696634,0.27271616,0.27112934,0.0,0.0,0.083946265,0.0,0.0,0.0059972494,0.024940206,0.02869898,0.10209792,0.10348292,2e-10
0.104926385,0.09028222,0.04392481,0.0,0.0,0.0,0.0,0.10318848,0.090543024,0.0,0.0054635294,0.0,0.0,0.0,0.13456365,0.0,0.032884758,0.20563474,0.022004088,0.25737196,0.033442352,0.0,0.0,0.0,0.0,0.0,0.020636277,0.03424873,0.035388507,0.22532365,0.24481753,0.010857354,0.0015340667,0.0,0.0,0.01038116,0.008442848,0.3505752,0.34599903,0.25504515,0.25380966,0.0,0.0,0.08345074,0.0,0.0,0.005787274,0.025002282,0.028725734,0.10204985,0.103233494,1.3333333e-10
0.102837555,0.08178963,0.042102978,0.0,0.0,0.0,0.0,0.1011561,0.082019225,0.0,0.0040263394,0.0,0.0,0.0,0.12349428,0.0,0.03268299,0.20030951,0.023603553,0.25336578,0.033146657,0.0,0.0,0.0,0.0,0.0013992321,0.022147588,0.034131564,0.03527132,0.2212319,0.24161558,0.010976492,0.0015515073,0.0,0.0,0.009778032,0.007866044,0.31925154,0.31542906,0.23256497,0.23181957,0.0,0.0,0.08300716,0.0,0.0,0.0055931085,0.025037931,0.028719714,0.10203599,0.10302559,1e-10
0.100034185,0.0733817,0.04085368,0.0,0.0,0.0,0.0,0.09842571,0.07358374,0.0,0.0031609007,0.0,0.0,0.0,0.110374816,0.0,0.031964503,0.19088116,0.026899304,0.24739099,0.032996308,0.0,0.0,0.0,0.0,0.0036510972,0.024154829,0.033888232,0.035044715,0.21502094,0.2362335,0.011205982,0.0016147104,0.0,0.0,0.0088244155,0.0069592968,0.28333125,0.28041917,0.20621607,0.20614238,0.0,0.0,0.082608074,0.0,0.0,0.0054360796,0.025036806,0.028664824,0.10237379,0.10294299,1e-10
0.096668825,0.06501156,0.040372133,0.0,0.0,0.0,0.0,0.09515625,0.06519101,0.0,0.0030314834,0.0,0.0,0.0,0.09566982,0.0,0.030796565,0.17941444,0.03177884,0.2387057,0.03303484,0.0,0.0,0.0,0.0,0.006402644,0.02641018,0.033420563,0.034605872,0.20700864,0.22904062,0.0115418825,0.0017295463,0.0,0.0,0.0076243854,0.005804443,0.24369502,0.24178055,0.17665869,0.17734613,0.0,0.0,0.08223432,0.0,0.0,0.005335464,0.024996152,0.028550493,0.10309878,0.10301038,8.333333e-11
0.09291532,0.056759477,0.0396405,0.0,0.0,0.0,0.0,0.09151889,0.056916583,0.0,0.0026776763,0.0,0.0,0.0,0.07995146,0.0,0.029225646,0.16509423,0.037516713,0.22641109,0.033605844,0.0,0.0,0.0,0.0,0.009417939,0.028778765,0.032484826,0.0337021,0.1964723,0.21957363,0.011949721,0.0018953207,0.0,0.0,0.006288218,0.004514665,0.20398077,0.20252337,0.14534415,0.1467781,0.0,0.0,0.081915095,0.0,0.0,0.0053318827,0.024914509,0.028382476,0.104340844,0.10333009,6.6666665e-11
0.08880894,0.049631156,0.038207456,0.0,0.0,0.0,0.0,0.08754943,0.0497668,0.0,0.0022075914,0.0,0.0,0.0,0.06477721,0.0,0.027342172,0.14849508,0.04365178,0.2117949,0.035467163,0.0,0.0,0.0,0.0,0.012613816,0.031193616,0.030968491,0.032205593,0.18386227,0.20796996,0.012380167,0.0020894313,0.0,0.0,0.0049047214,0.0031786577,0.17088367,0.16980709,0.120551914,0.12263998,0.0,0.0,0.08162789,0.0,0.0,0.005480315,0.0247796,0.028158108,0.10587792,0.10385262,5e-11
0.08441476,0.04374803,0.036304384,0.0,0.0,0.0,0.0,0.08329516,0.043864563,0.0,0.0018952001,0.0,0.0,0.0,0.055767704,0.0,0.025298534,0.13020614,0.04965304,0.1945447,0.03825002,0.0,0.0,0.0,0.0,0.015950155,0.033609305,0.028871294,0.030085988,0.17006299,0.19419773,0.012762085,0.0022873955,0.0,0.0,0.0036292165,0.0019677433,0.14732061,0.14715427,0.1018605,0.104156256,0.0,0.0,0.08132702,0.0,0.0,0.0059653386,0.02457782,0.027863815,0.10756581,0.10447478,3.3333333e-11
0.0802604,0.03858057,0.03360555,0.0,0.0,0.0,0.0,0.07927369,0.03867764,0.0,0.0012659099,0.0,0.0,0.0,0.0490374,0.0,0.023565056,0.11434981,0.054433677,0.17648192,0.042888667,0.0,0.0,0.0,0.0,0.018058518,0.03521491,0.02635659,0.027496899,0.15774935,0.18192461,0.013042542,0.0024715655,0.0,0.0,0.002687297,0.0010649477,0.12944151,0.13028859,0.086864546,0.089191444,0.0,0.0,0.0809974,0.0,0.0,0.0071932217,0.024311692,0.02750107,0.10932099,0.105140746,1.6666666e-11
0.07599141,0.034811825,0.0311292,0.0,0.0,0.0,0.0,0.07512328,0.03489321,0.0,0.0005173062,0.0,0.0,0.0,0.044272296,0.0,0.022134196,0.10223132,0.057628732,0.16093689,0.04813228,0.0,0.0,0.0,0.0,0.019532226,0.037115734,0.023575654,0.024590826,0.14662091,0.17076392,0.013191548,0.0026305588,0.0,0.0,0.002087071,0.0004929803,0.115437396,0.1169318,0.07543286,0.0775875,0.0,0.0,0.08062303,0.0,0.0,0.008874114,0.023979528,0.027074208,0.11078074,0.10573604,0.0
0.07164391,0.03285602,0.029631363,0.0,0.0,0.0,0.0,0.070871875,0.032928765,0.0,3.1699983e-05,0.0,0.0,0.0,0.04102989,0.0,0.020970883,0.09189943,0.059290912,0.14810517,0.053656284,0.0,0.0,0.0,0.0,0.02068567,0.03917042,0.02077086,0.021628546,0.13675381,0.16076905,0.013197939,0.0027564787,0.0,0.0,0.0017400531,0.00018158303,0.10505534,0.106901005,0.0670138,0.06892786,0.0,0.0,0.08021583,0.0,0.0,0.010808096,0.023588067,0.026596509,0.111870505,0.10620572,0.0
0.06690623,0.03181975,0.029226387,0.0,0.0,0.0,0.0,0.066203915,0.031889092,0.0,0.0,0.0,0.0,0.0,0.03877418,0.0,0.020028414,0.084177226,0.060088545,0.13892345,0.05894551,0.0,0.0,0.0,0.0,0.021743495,0.04135591,0.018254623,0.018945606,0.12912755,0.15264837,0.013089612,0.0028442596,0.0,0.0,0.0015552137,3.6117268e-05,0.09734259,0.099494234,0.060778562,0.062487744,0.0,0.0,0.07977994,0.0,0.0,0.012882523,0.023146601,0.026078915,0.11245189,0.10644049,0.0
0.06191174,0.031905923,0.031660803,0.0,0.0,0.0,0.0,0.061240427,0.03198196,0.0,0.0016893897,0.0,0.0,0.0,0.037160724,0.0,0.0192408,0.07831202,0.06035814,0.13122968,0.063052915,0.0,0.0,0.0,0.0,0.022874454,0.043863803,0.016157292,0.016680058,0.12327928,0.14614744,0.01288169,0.002887416,0.0,0.0,0.0014473792,0.0,0.09160511,0.09395578,0.056217022,0.057750046,0.0,0.0,0.07930001,0.0,0.0,0.0149571635,0.02265351,0.025519615,0.11268322,0.10641276,0.0
0.057520885,0.032381363,0.03608751,0.0,0.0,0.0,0.0,0.056850415,0.032470077,0.0,0.004591324,0.0,0.0,0.0,0.036030434,0.0,0.018593214,0.074425064,0.06030382,0.12598501,0.06634699,0.0,0.0,0.0,0.0,0.024045764,0.046649113,0.014521758,0.01490783,0.11952938,0.14218055,0.012615988,0.0028945592,0.0,0.0,0.0014064471,0.0,0.08781652,0.09028945,0.05328737,0.054686747,0.0,0.0,0.078783415,0.0,0.0,0.016851215,0.022147464,0.024953928,0.11270272,0.10620938,0.0
0.05356987,0.03326617,0.041644894,0.0,0.0,0.0,0.0,0.05288598,0.033371292,0.0,0.008065415,0.0,0.0,0.0,0.035126932,0.0,0.018034713,0.0714145,0.05999456,0.12184546,0.06797105,0.0,0.0,0.0,0.0,0.025217498,0.049444888,0.013230169,0.013519135,0.11653027,0.13902073,0.012300606,0.0028658086,0.0,0.0,0.0014059988,0.0,0.08511268,0.08759886,0.05139919,0.05269794,0.0,0.0,0.07823625,0.0,0.0,0.018236129,0.02163713,0.024388444,0.112525046,0.10582155,0.0
0.050309423,0.03416364,0.04794862,0.0,0.0,0.0,0.0,0.04960892,0.034287695,0.0,0.012504892,0.0,0.0,0.0,0.034388322,0.0,0.017567286,0.06925356,0.059532486,0.11929678,0.06931788,0.0,1.5666634e-05,0.0,0.0,0.026277225,0.051723585,0.012224714,0.012451516,0.11434531,0.13675413,0.01196258,0.0028164217,0.0,0.0,0.0014688356,0.0,0.08336141,0.08584068,0.050239477,0.05147514,0.0,0.0,0.07770059,0.0,0.0,0.019442976,0.021151017,0.023850845,0.1122337,0.10532746,0.0
0.04760165,0.03441514,0.053687673,0.0,0.0,0.0,0.0,0.046883613,0.034555055,0.0,0.017011913,0.0,0.0,0.0,0.033730265,0.0,0.017185895,0.06717177,0.058815647,0.11736137,0.07049271,0.0,7.50653e-05,0.0,0.0,0.02729722,0.05411768,0.011356089,0.011541016,0.11215863,0.134674,0.011604262,0.0027416996,0.0,0.0,0.0015865988,0.0,0.08181401,0.0843563,0.04939433,0.050572615,0.0,0.0,0.07712682,0.0,0.0,0.020576458,0.020675577,0.023326127,0.111818016,0.10459348,0.0
0.045592625,0.03489031,0.059285454,0.0,0.0,0.0,0.0,0.044865258,0.035046276,0.0,0.021926168,0.0,0.0,0.0,0.032962818,0.0,0.016902242,0.063648745,0.057373438,0.11098828,0.07153905,0.0,0.00017730419,0.0,0.0,0.028325785,0.056992523,0.010444356,0.0105748335,0.10825277,0.13103811,0.011206599,0.0026327511,0.0,0.0,0.0017325123,0.0,0.0784574,0.08122785,0.04812317,0.049148504,0.0,0.0,0.076272406,0.0,0.0,0.021661304,0.02017048,0.022730483,0.110240474,0.10225839,0.0
0.043975785,0.035320263,0.06254273,0.0,0.0,0.0,0.0,0.043266386,0.03548637,0.0,0.025001923,0.0,0.0,0.0,0.032058705,0.0,0.016748672,0.059562232,0.055494867,0.104365125,0.07337641,0.0,0.00033048037,0.0,0.0,0.029523399,0.0606045,0.0094450945,0.009505161,0.10361973,0.12690152,0.010778306,0.0024949736,0.0,0.0,0.001966201,4.086715e-05,0.07442368,0.077519774,0.046465218,0.047286093,0.0,0.0,0.07516411,0.0,0.0,0.023121266,0.019638633,0.022069182,0.10804962,0.099144,0.0
0.042497773,0.036764354,0.064466715,0.0,0.0,0.0,0.0,0.041822843,0.03694043,0.0,0.026805822,0.0,0.0,0.0,0.031007469,0.0,0.016742054,0.054914497,0.053059112,0.09734003,0.076482184,0.0,0.00054253696,0.0,0.0,0.03117924,0.06528532,0.008337262,0.008305259,0.09828088,0.12228925,0.010321021,0.0023200787,0.0,0.0,0.0022970506,0.00016007065,0.06963676,0.073098764,0.044471603,0.045054622,0.0,0.0,0.07378869,0.0,0.0,0.025250312,0.018992022,0.021244401,0.10530829,0.09538989,1.6666666e-11
0.041097693,0.039003506,0.06591479,0.0,0.0,0.0,0.0,0.040464804,0.039191093,0.0,0.028142886,0.0,0.0,0.0,0.029891979,0.0,0.016892845,0.050190236,0.05044384,0.09013249,0.08084001,0.0,0.0008236928,0.0,0.0,0.032934684,0.06988567,0.007199277,0.007069344,0.09292778,0.117686614,0.0098564625,0.002118646,0.00090490124,0.0,0.0028324148,0.0003924323,0.064591,0.06843502,0.042338617,0.042676903,0.0,0.0,0.072330356,0.0,0.0,0.027958417,0.018288558,0.020345384,0.102344975,0.09139449,8.333333e-11
0.03973146,0.04177303,0.06633307,0.0,0.0,0.0,0.0,0.03914533,0.041971248,0.0,0.028484635,0.0,0.0,0.0,0.02876028,0.0,0.01726081,0.045441896,0.047780246,0.08409213,0.089319296,0.0,0.0011610218,0.0,0.0,0.034896914,0.07474994,0.006052772,0.0058212243,0.08759841,0.11315276,0.0094125075,0.0018970879,0.0039034758,0.00078145653,0.0042753583,0.0013238257,0.059457146,0.06369197,0.0401493,0.040242273,0.0,0.0,0.07087462,0.0,0.0,0.03205996,0.017554842,0.019405065,0.09931482,0.087333605,2.6666666e-10
0.038401105,0.045875467,0.06665327,0.0,0.0,0.0,0.0,0.037865423,0.046088602,0.0,0.02870686,0.0,0.0,0.0,0.02762518,0.0,0.017903792,0.04105156,0.04520464,0.07832424,0.09891571,0.0,0.0015324298,0.0,0.0,0.036918998,0.07937279,0.0049166637,0.0045841206,0.08268927,0.1089386,0.009010432,0.0016629302,0.008073308,0.0024435683,0.006345778,0.0028055573,0.054472763,0.059038535,0.037932515,0.037785426,0.0,0.0,0.06945873,0.0,0.0,0.037063226,0.016792426,0.018429989,0.096183166,0.08328336,7.3333334e-10
0.037118502,0.051893458,0.066192366,0.0,0.0,0.0,0.0,0.036633503,0.052125517,0.0,0.028155636,0.0,0.0,0.0,0.026627006,0.0,0.018762045,0.037942253,0.042633086,0.07632143,0.10913897,0.0,0.0019437046,0.0,0.0,0.03928523,0.08367791,0.0038954346,0.003484102,0.07953219,0.10647853,0.0086870305,0.0014199006,0.014799669,0.006104801,0.00931739,0.005127257,0.05113134,0.056000024,0.036243357,0.035966896,0.0,0.0,0.06830735,0.0,0.0,0.043539643,0.016025733,0.01749445,0.09306714,0.07983073,1.6333334e-09
0.036249608,0.059013072,0.06620182,0.0,0.0,0.0,0.0,0.035799112,0.05926953,0.0,0.02803636,0.0,0.0,0.0,0.025703551,0.0,0.019712305,0.034789626,0.039053652,0.070839584,0.11882919,0.0,0.002366882,0.0,0.0,0.044844545,0.0900599,0.0029640747,0.002494979,0.07674607,0.10416268,0.008464518,0.0011576033,0.025197845,0.012792864,0.013050464,0.008196939,0.04695805,0.05208476,0.03425763,0.03392106,0.0,0.0,0.06725795,0.0,0.0,0.051163625,0.015100851,0.01647123,0.087871596,0.07462698,2.5333333e-09
0.03554686,0.068684384,0.06658419,0.0,0.0,0.0,0.0,0.03512003,0.06897578,0.0,0.02822156,0.0,0.0,0.0,0.024923028,0.0,0.020696817,0.031952787,0.035486266,0.064773165,0.12738241,0.0,0.0027789194,0.0,0.0,0.051993147,0.09736872,0.002158431,0.0017212296,0.0746655,0.10235939,0.008395014,0.00088486006,0.04070809,0.022985013,0.018500283,0.012800777,0.04312839,0.04849588,0.032420132,0.03206666,0.0,0.0,0.06645959,0.0,0.0,0.059954073,0.014209873,0.015546451,0.082415454,0.06933602,3.3333334e-09
0.03494191,0.07968274,0.06705203,0.0,0.0,0.0,0.0,0.034535583,0.08001449,0.0,0.028475164,0.0,0.0,0.0,0.02422568,0.0,0.021649428,0.029197589,0.031816494,0.058370814,0.13461171,0.0,0.003153564,0.0,0.0,0.06181977,0.10704386,0.0014867843,0.0011229061,0.07294047,0.10083893,0.008534466,0.00063640036,0.058531128,0.035913706,0.024826158,0.018374842,0.039359655,0.044955753,0.030614851,0.030262494,0.0,0.0,0.065777436,0.0,0.0,0.068978235,0.013315122,0.014652141,0.07674992,0.06392931,3.983333e-09
0.03430449,0.09370593,0.071225934,0.0,0.0,0.0,0.0,0.033926122,0.0941128,0.0,0.03217133,0.0,0.0,0.0,0.023606567,0.0,0.022459062,0.026459726,0.028066956,0.050415125,0.13748753,0.0,0.0034667808,0.0,0.0,0.0757652,0.12052041,0.000938322,0.00065263856,0.07184228,0.10020873,0.009316023,0.0004189587,0.07906718,0.051502373,0.031393994,0.024506353,0.035572983,0.041378412,0.028799668,0.028460091,0.0,0.0,0.06521837,0.0,0.0,0.077216,0.012408178,0.013773708,0.07093077,0.058436666,4.4833333e-09
0.03366649,0.10629269,0.07822655,0.0,0.0,0.0,0.0,0.03331667,0.10678715,0.0,0.038594574,0.0,0.0,0.0,0.023109797,0.0,0.023017257,0.023778083,0.024337346,0.042073593,0.13893361,0.0,0.003693148,0.0,0.0,0.09227563,0.13635722,0.00050384406,0.0002987433,0.07181971,0.100848615,0.010742609,0.00023548576,0.100053586,0.06748144,0.037756104,0.030574301,0.031834133,0.037818216,0.027011823,0.026693197,0.0,0.0,0.06489926,0.0,0.0,0.08466149,0.011526378,0.012942535,0.065142654,0.053048056,6.1333334e-09
0.03305902,0.1151716,0.08650302,0.0,0.0,0.0,0.0,0.032736488,0.115745075,0.0,0.04630479,0.0,0.0,0.0,0.022754556,0.0,0.023328766,0.02156582,0.02130313,0.034660265,0.1350805,0.0,0.003817588,0.0,0.0,0.10930095,0.15270264,0.00018524058,6.159373e-05,0.073342524,0.10296153,0.012449913,9.647242e-05,0.11354025,0.07953871,0.04289244,0.0357039,0.028511865,0.03451562,0.025285168,0.024985721,0.0,0.0,0.06512591,0.0,0.0,0.087899804,0.01069974,0.012176908,0.060392,0.048622992,8e-09
0.032551054,0.12052426,0.09498104,0.0,0.0,0.0,0.0,0.03225312,0.12116274,0.0,0.054247722,0.0,0.0,0.0,0.022650745,0.0,0.023335889,0.021059303,0.020549515,0.032316737,0.12456494,0.0,0.003862331,0.0,0.0,0.11307832,0.15358962,3.10093e-05,0.0,0.078108214,0.107808225,0.0142810205,1.8377867e-05,0.11021092,0.077472866,0.04321469,0.036788456,0.027845645,0.033658575,0.024445575,0.024161167,0.0,0.0,0.066639416,0.0,0.0,0.083348304,0.010127527,0.011637949,0.058439974,0.0470534,1.0066667e-08
0.03276605,0.12058968,0.10409702,0.0,0.0,0.0,0.0,0.032455944,0.12127495,0.0,0.0628566,0.0,0.0,0.0,0.023258595,0.0,0.023078732,0.027498642,0.023463566,0.03843867,0.10991918,0.0,0.0038110886,0.0,0.0,0.10933013,0.14575955,0.00062667404,0.00078916876,0.09272855,0.12269286,0.01613278,0.0,0.0966264,0.06835498,0.03925223,0.033818077,0.036972012,0.042094395,0.026689155,0.026584571,0.0,0.0,0.07102256,0.0,0.0,0.07382459,0.009747419,0.011277111,0.05854374,0.04793296,1.23833335e-08
0.033507634,0.11806292,0.11351632,0.0,0.0,0.0,0.0,0.033145413,0.11878698,0.0,0.07166368,0.0,0.0,0.0,0.030710395,0.0,0.022692477,0.05572929,0.03168275,0.07072096,0.09456188,0.0,0.0036745735,0.0,0.0,0.099713296,0.13107152,0.0045000394,0.0048520784,0.11614511,0.14480297,0.017906552,5.7031983e-05,0.077898465,0.05542628,0.03317493,0.02880329,0.0618126,0.0654533,0.0382808,0.038428333,0.0,0.0,0.078497715,0.0,0.0,0.06201148,0.00982293,0.011301766,0.06324997,0.054710492,1.35e-08
0.034674954,0.11246085,0.120935544,0.0,0.0,0.0,0.0,0.03420364,0.1132004,0.0,0.078487776,0.0,0.0,0.0,0.047521852,0.0,0.02225049,0.10452028,0.04157999,0.110097215,0.08000723,0.0,0.0034169522,0.0,0.0,0.08148754,0.10930428,0.010335145,0.0108026,0.14314741,0.17043136,0.019067356,0.0002569401,0.054363843,0.039056156,0.025365103,0.022029009,0.09783766,0.09804686,0.05541173,0.05525337,0.0,0.0,0.0886634,0.0,0.0,0.04867704,0.010306569,0.011705602,0.06938123,0.06322621,1.3966667e-08
0.0363525,0.10936573,0.12775499,0.0,0.0,0.0,0.0,0.035704862,0.11013118,0.0,0.08453145,0.0,0.0,0.0,0.06991187,0.0,0.021766242,0.1641434,0.052308492,0.15005736,0.0661421,0.0,0.0030400702,0.0,0.0,0.059010938,0.08351684,0.017387595,0.017958464,0.17556737,0.19963153,0.019562377,0.0005852611,0.0292076,0.021414973,0.016801832,0.014496537,0.13832805,0.13490476,0.07477792,0.07424993,0.0,0.0,0.09992178,0.0,0.0,0.034723885,0.011035292,0.012348931,0.07621254,0.07258193,1.275e-08
0.038320817,0.108635895,0.1338801,0.0,0.0,0.0,0.0,0.037470162,0.10943615,0.0,0.089837626,0.0,0.0,0.0,0.09725667,0.0,0.021299846,0.22843497,0.063034184,0.1890254,0.05708072,0.0,0.0025323539,0.0,0.0,0.03459117,0.05593326,0.025114514,0.025755562,0.21359439,0.23484461,0.019732552,0.001011757,0.008994579,0.005696473,0.008384649,0.007045238,0.18182701,0.17489637,0.095794015,0.09498168,0.0,0.0,0.111354165,0.0,0.0,0.023215275,0.011942342,0.013181909,0.08288969,0.08169272,1.1766667e-08
0.04200599,0.11229414,0.13968964,0.0,0.0,0.0,0.0,0.04088221,0.113154,0.0,0.09475944,0.0,0.0,0.0,0.127959,0.0,0.021001609,0.29416215,0.07142467,0.22614837,0.054429915,0.0,0.0019112573,0.0,0.0,0.019730035,0.039652675,0.033210274,0.0339111,0.25191662,0.27073947,0.01970151,0.0015018906,0.0019257352,0.0010742621,0.003904416,0.0028501342,0.23027512,0.22017623,0.121485576,0.12049326,0.0,0.0,0.12206383,0.0,0.0,0.01779334,0.012931,0.014125714,0.08907947,0.09011617,1.69e-08
0.047814306,0.11924779,0.1443058,0.0,0.0,0.0,0.0,0.046435,0.12018024,0.0,0.09852091,0.0,0.0,0.0,0.15912907,0.0,0.020854868,0.34609136,0.075955674,0.25559002,0.05568507,0.0,0.0013384054,0.0,0.0,0.010166125,0.029385693,0.040901292,0.041495338,0.28184894,0.29789916,0.019526834,0.002042723,0.0,0.0,0.0018878535,0.0010974713,0.27135596,0.25858796,0.14602129,0.14470814,0.0,0.0,0.13010786,0.0,0.0,0.015344951,0.01394431,0.0151279215,0.093960196,0.0967895,2.5496666e-07
0.054538794,0.12956998,0.14904301,0.0,0.0,0.0,0.0,0.05294846,0.13059837,0.0,0.10248623,0.0,0.0,0.0,0.18415242,0.0,0.020834666,0.36835054,0.0744536,0.2593993,0.057453245,0.0,0.00081912044,0.0,0.0,0.0035215646,0.023026923,0.04546675,0.045925274,0.30297557,0.3181029,0.019238923,0.0025683544,0.0,0.0,0.00094513386,0.00030582992,0.30208763,0.28773892,0.16600792,0.16484547,0.0,0.0,0.13504924,0.0,0.0,0.014149196,0.014686861,0.015951874,0.09468961,0.0979922,9.687833e-07
0.061854407,0.14225873,0.15281418,0.0,0.0,0.0,0.0,0.060121052,0.14339599,0.0,0.105697334,0.0,0.0,0.0,0.19995719,0.0,0.020925168,0.36351058,0.070055,0.25770688,0.058181718,0.0,0.00041052926,0.0,0.0,0.0010543637,0.019433111,0.04812243,0.048519816,0.3174625,0.33128643,0.018897852,0.0029829945,0.0,0.0,0.00092700537,0.00028963605,0.32791495,0.3132413,0.18541771,0.1851311,0.0,0.0,0.13718943,0.0,0.0,0.013599684,0.015158214,0.01656085,0.09431097,0.09782662,2.0456666e-06
0.069224395,0.15455593,0.15488131,0.0,0.0,0.0,0.0,0.067418456,0.15579167,0.0,0.1074677,0.0,0.0,0.0,0.2081745,0.0,0.021199556,0.34490964,0.06442188,0.25663936,0.058240272,0.0,0.00013023739,0.0,0.0,7.3466836e-05,0.017284567,0.049583167,0.049933676,0.32387355,0.3384427,0.01856277,0.00330407,0.0,0.0,0.0014477979,0.0007833472,0.3501911,0.33572957,0.20424019,0.20495887,0.0,0.0,0.13797453,0.0,0.0,0.013379088,0.015504238,0.01707482,0.09376538,0.09749458,3.3605668e-06
0.07692759,0.1675334,0.15669726,0.0,0.0,0.0,0.0,0.07508914,0.1688706,0.0,0.10905204,0.0,0.0,0.0,0.20911422,0.0,0.021600654,0.3176794,0.058434185,0.25713065,0.057867393,0.0,0.0,0.0,0.0,0.0,0.01611276,0.050352942,0.05069641,0.3218527,0.3368548,0.018260617,0.0035529647,0.0,0.0,0.0023271062,0.0014887054,0.36888716,0.35475972,0.2222649,0.22392812,0.0,0.0,0.13804159,0.0,0.0,0.013311845,0.015764019,0.017520513,0.09395187,0.0980551,4.6488e-06
0.08360427,0.17939764,0.15793186,0.0,0.0,0.0,0.0,0.08181475,0.18082395,0.0,0.11016594,0.0,0.0,0.0,0.20207559,0.0,0.022270998,0.2851334,0.053651273,0.26087582,0.057293177,0.0,0.0,0.0,0.0,0.0,0.01605376,0.050698284,0.051053736,0.3127189,0.32999614,0.018003576,0.0037510628,0.0,0.0,0.0034250303,0.002342494,0.3796443,0.36633608,0.23600143,0.23848225,0.0,0.0,0.13767286,0.0,0.0,0.013303077,0.015992876,0.017932074,0.09530443,0.09967271,5.4813e-06
0.08866889,0.19073579,0.15858385,0.0,0.0,0.0,0.0,0.086936,0.19224133,0.0,0.110796526,0.0,0.0,0.0,0.19204658,0.0,0.023090776,0.2561893,0.04875564,0.2656395,0.056331795,0.0,0.0,0.0,0.0,0.0,0.016427912,0.050742395,0.05112234,0.30070812,0.3200412,0.017779179,0.003890248,0.0,0.0,0.004797278,0.003383553,0.38796642,0.37561214,0.24883108,0.25168467,0.0,0.0,0.13692312,0.0,0.0,0.013309239,0.016181888,0.018293153,0.097086914,0.101685844,5.73835e-06
0.09359686,0.19982828,0.15787336,0.0,0.0,0.0,0.0,0.0919141,0.20138608,0.0,0.11022079,0.0,0.0,0.0,0.17728253,0.0,0.023903117,0.23117393,0.04427488,0.2707522,0.054999296,0.0,0.0,0.0,0.0,0.0,0.016844964,0.05056275,0.050980426,0.28529188,0.30501503,0.017589984,0.0039713057,0.0,0.0,0.0063213236,0.004575218,0.38873395,0.37620968,0.2573575,0.25985637,0.0,0.0,0.13587724,0.0,0.0,0.013296525,0.016336491,0.018594854,0.09918813,0.10393412,5.2772e-06
0.0988126,0.206525,0.15625188,0.0,0.0,0.0,0.0,0.09716664,0.20811069,0.0,0.10884563,0.0,0.0,0.0,0.16045809,0.0,0.024643838,0.20535265,0.04036864,0.27470478,0.05346873,0.0,0.0,0.0,0.0,0.0,0.01681015,0.050223548,0.05069974,0.26974595,0.2902626,0.017442465,0.0040108925,0.0,0.0,0.008287186,0.0060980893,0.38267627,0.37053207,0.26114294,0.26277864,0.0,0.0,0.13458061,0.0,0.0,0.013310855,0.016473927,0.018843403,0.10140167,0.10615122,4.2464167e-06
0.10405839,0.21212305,0.15430866,0.0,0.0,0.0,0.0,0.10244632,0.21372586,0.0,0.10721238,0.0,0.0,0.0,0.14379264,0.0,0.025238065,0.17897706,0.036394678,0.27773812,0.051876392,0.0,0.0,0.0,0.0,0.0,0.016186079,0.04966757,0.050289724,0.2524874,0.27388704,0.017301144,0.004006333,0.0,0.0,0.011299896,0.008374912,0.3753701,0.36327335,0.26287934,0.26258388,0.0,0.0,0.13298933,0.0,0.0,0.013458756,0.016607346,0.019052677,0.103362575,0.10788154,2.9527832e-06
0.109034486,0.21660079,0.15269081,0.0,0.0,0.0,0.0,0.10744576,0.2182162,0.0,0.1058743,0.0,0.0,0.0,0.12819718,0.0,0.025729634,0.1539324,0.032538902,0.28270194,0.050515078,0.0,0.0,0.0,0.0,0.0,0.015125912,0.048702184,0.049652964,0.23388104,0.25652093,0.01714215,0.003975937,0.0,0.0,0.015631737,0.01172078,0.367877,0.35612944,0.26182592,0.25943345,0.0,0.0,0.13127437,0.0,0.0,0.01459753,0.01678243,0.019266352,0.10500165,0.10912543,1.6638834e-06
0.11345495,0.21978123,0.1511903,0.0,0.0,0.0,0.0,0.111883044,0.22140141,0.0,0.10463803,0.0,0.0,0.0,0.11562205,0.0,0.02595057,0.12989672,0.028884761,0.28660285,0.04940363,0.0,0.0,0.0,0.0,0.0,0.013659337,0.04730051,0.04872545,0.2173218,0.23962083,0.01696557,0.0039378265,0.0,0.0,0.020665867,0.015664292,0.35996503,0.3494682,0.25742802,0.25292805,0.0,0.0,0.12930095,0.0,0.0,0.01667942,0.017012402,0.019505652,0.10605695,0.109855026,8.2438333e-07
0.116463184,0.22257592,0.15029094,0.0,0.0,0.0,0.0,0.114948735,0.22420374,0.0,0.10395093,0.0,0.0,0.0,0.1038839,0.0,0.02597771,0.10795328,0.026075972,0.28997925,0.048793126,0.0,0.0,0.0,0.0,0.0,0.011973546,0.045471177,0.047413647,0.20130274,0.22352873,0.016775668,0.0039107883,0.0,0.0,0.025860919,0.019800276,0.34921062,0.33932155,0.24999581,0.24371439,0.0,0.0,0.12732042,0.0,0.0,0.019462075,0.017295526,0.01977907,0.106950514,0.11038871,3.2783333e-07
0.11709657,0.22498408,0.14986333,0.0,0.0,0.0,0.0,0.115687124,0.22662175,0.0,0.103657626,0.0,0.0,0.0,0.09565191,0.0,0.025908642,0.089542404,0.02392039,0.2931193,0.048809156,0.0,0.0,0.0,0.0,0.0,0.010210213,0.043379873,0.045846533,0.18793094,0.21153444,0.016562527,0.0039029997,0.0,0.0,0.031095384,0.024022596,0.33968902,0.33131713,0.2413881,0.23347369,0.0,0.0,0.12540188,0.0,0.0,0.022632314,0.017647158,0.020116193,0.107882194,0.11081671,7.585e-08
0.11621691,0.22610156,0.14949866,0.0,0.0,0.0,0.0,0.114918455,0.22774193,0.0,0.103382856,0.0,0.0,0.0,0.08817659,0.0,0.025783045,0.07824699,0.022670478,0.2944044,0.050095577,0.0,0.0,0.0,0.0,0.0,0.008842756,0.04101625,0.04398025,0.17491953,0.1998946,0.016337238,0.003923945,0.0,0.0,0.03565778,0.027798109,0.32573962,0.32009426,0.22867136,0.21975435,0.0,0.0,0.12298096,0.0,0.0,0.026168182,0.018077869,0.02052269,0.10941468,0.11126602,3.555e-08
0.11463629,0.2259432,0.14867696,0.0,0.0,0.0,0.0,0.11345304,0.22757408,0.0,0.10265851,0.0,0.0,0.0,0.081499405,0.0,0.025642056,0.07033146,0.022128744,0.29381734,0.05187954,0.0,0.0,0.0,0.0,0.0,0.00798255,0.03860863,0.041970123,0.16456887,0.19047222,0.016121821,0.003975325,0.0,0.0,0.038978424,0.030643485,0.3090726,0.3060176,0.21391445,0.2050915,0.0,0.0,0.12036123,0.0,0.0,0.029754462,0.018560046,0.020968,0.11134561,0.11178956,2.2366667e-08
0.112600334,0.22469132,0.14737342,0.0,0.0,0.0,0.0,0.11153277,0.22630127,0.0,0.101493105,0.0,0.0,0.0,0.07438086,0.0,0.025451181,0.064922504,0.022428997,0.28223842,0.054704584,0.0,0.0,0.0,0.0,0.0,0.0075422334,0.036283243,0.039800532,0.15638152,0.18269256,0.015909825,0.0040513,0.0,0.0,0.040759977,0.03222132,0.28458863,0.28361067,0.19367047,0.18548007,0.0,0.0,0.11751259,0.0,0.0,0.032550473,0.019021593,0.021376077,0.11358022,0.1123658,3.0333332e-08
0.110236146,0.22262782,0.146365,0.0,0.0,0.0,0.0,0.10929923,0.2242147,0.0,0.10061026,0.0,0.0,0.0,0.06797518,0.0,0.02523688,0.061726484,0.024048517,0.27324617,0.06622714,0.0,0.0,0.0,0.0,0.0,0.007405418,0.034173124,0.037637617,0.14972968,0.17596851,0.015694683,0.0041654455,0.0,0.0,0.041693114,0.03308086,0.26030663,0.25989822,0.17416064,0.16674182,0.0,0.0,0.11479038,0.0,0.0,0.0355931,0.019452026,0.02173129,0.11616154,0.113260806,3.7516667e-08
0.107489154,0.21909238,0.14544865,0.0,0.0,0.0,0.0,0.106680356,0.22064826,0.0,0.09979827,0.0,0.0,0.0,0.06168642,0.0,0.025025181,0.06013727,0.026948463,0.26209718,0.081035316,0.0,0.0,0.0,0.0,0.0,0.00818522,0.032072168,0.0353499,0.14308433,0.16919872,0.015451353,0.0043204534,0.0,0.0,0.0421997,0.033574652,0.23750283,0.23836774,0.15500073,0.14854816,0.0,0.0,0.112175,0.0,0.0,0.039408136,0.019834012,0.022009172,0.11890911,0.11429538,3.925e-08
0.10532281,0.21398148,0.14424628,0.0,0.0,0.0,0.0,0.104610726,0.21549441,0.0,0.09872178,0.0,0.0,0.0,0.054895464,0.0,0.02477569,0.05918889,0.03096837,0.2411231,0.098403685,0.0,0.0,0.0,0.0,0.0,0.010174137,0.029772514,0.03274594,0.13577531,0.16147272,0.01516964,0.004513133,0.0,0.0,0.042430643,0.033832233,0.20834672,0.21050613,0.13248947,0.12725584,0.0,0.0,0.10974856,0.0,0.0,0.043801475,0.020126548,0.022160864,0.12154007,0.11538015,3.7633335e-08
0.10245825,0.20916809,0.14333788,0.0,0.0,0.0,0.0,0.10183689,0.21064284,0.0,0.0979046,0.0,0.0,0.0,0.04884221,0.0,0.02450537,0.0588548,0.036771134,0.2272266,0.120992154,0.0,0.0,0.0,0.0,0.0,0.013016063,0.027585667,0.03022443,0.13033493,0.155261,0.014840891,0.0047463696,0.0,0.0,0.04247154,0.033930983,0.18327357,0.18548258,0.11264962,0.108413056,0.0,0.0,0.108131126,0.0,0.0,0.048363965,0.020306211,0.022168878,0.123531066,0.11643469,3.1183333e-08
0.09855892,0.20506656,0.1427392,0.0,0.0,0.0,0.0,0.09802281,0.20651081,0.0,0.09734547,0.0,0.0,0.0,0.043538462,0.0,0.02421751,0.05892929,0.043367326,0.21583338,0.14643912,0.0,0.0,0.0,0.0,0.0,0.016353529,0.025435833,0.027703729,0.12541842,0.14945199,0.014456851,0.005014406,0.0,0.0,0.04243915,0.03397885,0.16097867,0.16327527,0.094639316,0.0913366,0.0,0.0,0.10713248,0.0,0.0,0.053299263,0.020357292,0.022026297,0.12512161,0.11744528,2.3516666e-08
0.09444806,0.2007317,0.14186075,0.0,0.0,0.0,0.0,0.0939935,0.20214196,0.0,0.09651406,0.0,0.0,0.0,0.039670154,0.0,0.023921851,0.0592503,0.049828876,0.21100725,0.16842946,0.0,0.0,0.0,0.0,0.0,0.019880718,0.023470402,0.02540111,0.12110099,0.14423692,0.014034805,0.0052934415,0.0,0.0,0.042342063,0.033979483,0.14697184,0.14930965,0.083752654,0.081001945,0.0,0.0,0.106620416,0.0,0.0,0.058251657,0.02029047,0.021753684,0.12635422,0.118383616,1.5866666e-08
0.09033119,0.19695234,0.14132498,0.0,0.0,0.0,0.0,0.08993849,0.19833492,0.0,0.09600529,0.0,0.0,0.0,0.03636035,0.0,0.023592167,0.059570514,0.05530362,0.19475624,0.17668672,0.0,0.0,0.0,0.0,0.0,0.023513224,0.021607032,0.023227554,0.11735055,0.14002752,0.013587354,0.005540633,0.0,0.0,0.042002726,0.033855263,0.13436028,0.13682017,0.07480754,0.07250653,0.0,0.0,0.10635506,0.0,0.0,0.062090624,0.020084055,0.021344814,0.12710738,0.11891801,9.133333e-09
0.08676376,0.19408846,0.14143404,0.0,0.0,0.0,0.0,0.086403005,0.19545442,0.0,0.09610404,0.0,0.0,0.0,0.033854876,0.0,0.023240682,0.05989292,0.059641216,0.17850189,0.17886955,0.0,0.0,0.0,0.0,0.0,0.026483627,0.020116268,0.021498859,0.114614464,0.13699238,0.01314534,0.0057504927,0.0,0.0,0.04124251,0.03346558,0.123336546,0.12573108,0.06766712,0.06572595,0.0,0.0,0.10627971,0.0,0.0,0.06444444,0.019758927,0.020829348,0.12755546,0.11923613,7.1e-09
0.08364895,0.19244812,0.14274633,0.0,0.0,0.0,0.0,0.0833019,0.19381534,0.0,0.097333014,0.0,0.0,0.0,0.032325808,0.0,0.022881256,0.06005535,0.06254078,0.1704782,0.17202167,0.0,0.0,0.0,0.0,0.0,0.02842132,0.019063393,0.020298474,0.11334978,0.13563196,0.012706647,0.005897392,0.0,0.0,0.039336458,0.032212846,0.11893274,0.121137485,0.06461505,0.0628288,0.0,0.0,0.10629918,0.0,0.0,0.064991415,0.019297164,0.020200562,0.12773423,0.11933091,6.9e-09
0.081555136,0.19091003,0.14431967,0.0,0.0,0.0,0.0,0.08120975,0.192281,0.0,0.09882507,0.0,0.0,0.0,0.031208294,0.0,0.022508372,0.05995801,0.063464604,0.15825042,0.15706117,0.0,0.0,0.0,0.0,0.0,0.030929307,0.018182237,0.019298602,0.11305433,0.13539891,0.012298112,0.0059594396,0.0,0.0,0.03692524,0.030502567,0.11575329,0.117891304,0.06292318,0.061226506,0.0,0.0,0.10636742,0.0,0.0,0.064429656,0.018755287,0.019526996,0.12777086,0.119294666,7.166667e-09
0.08077346,0.1893469,0.14646988,0.0,0.0,0.0,0.0,0.08042201,0.19072615,0.0,0.10087801,0.0,0.0,0.0,0.031259876,0.0,0.022135552,0.060304243,0.0633313,0.15507662,0.1363563,0.0,0.0,0.0,0.0,0.0014132019,0.03492407,0.017470848,0.018512798,0.11788406,0.14122862,0.011970038,0.005938004,0.0,0.0,0.03392768,0.02822053,0.122257695,0.12413348,0.067767516,0.06634169,0.0,0.0,0.10652319,0.0,0.0,0.061805505,0.01819892,0.018887367,0.12772316,0.11920829,6.5166668e-09
0.08097219,0.18899117,0.14985573,0.0,0.0,0.0,0.0,0.080540985,0.19039662,0.0,0.10407887,0.0,0.0,0.0,0.034688905,0.0,0.021841902,0.06864557,0.0627243,0.16633403,0.116777375,0.0,0.0,0.0,0.0,0.004245316,0.03995365,0.016979465,0.017967133,0.12774298,0.15264136,0.011790289,0.005878748,0.0,0.0,0.030473322,0.025481466,0.13485026,0.13589235,0.07656712,0.075647146,0.0,0.0,0.106978066,0.0,0.0,0.057660148,0.017688928,0.01834522,0.12771574,0.11953719,5.6833334e-09
0.0816168,0.1888964,0.15360373,0.0,0.0,0.0,0.0,0.08108202,0.19033289,0.0,0.10759505,0.0,0.0,0.0,0.04062774,0.0,0.021700205,0.080478184,0.061897326,0.18974389,0.101229705,0.0,0.0,0.0,0.0,0.0076539293,0.045323025,0.016996268,0.017986512,0.1396481,0.1663118,0.011773778,0.005822569,0.0,0.0,0.026810082,0.022419617,0.15289684,0.15294735,0.08981856,0.08940764,0.0,0.0,0.10768597,0.0,0.0,0.05234031,0.01727453,0.017946543,0.1278201,0.12021188,4.7166666e-09
0.08246752,0.18907546,0.1575225,0.0,0.0,0.0,0.0,0.08181534,0.19054659,0.0,0.11124204,0.0,0.0,0.0,0.048997607,0.0,0.021709925,0.09777961,0.06091578,0.21777548,0.08749668,0.0,0.0,0.0,0.0,0.011386261,0.050792787,0.017703146,0.018721,0.15307848,0.18117905,0.011909744,0.0057731736,0.0,0.0,0.023148298,0.019282084,0.17529736,0.17358091,0.1087165,0.10890217,0.0,0.0,0.10867363,0.0,0.0,0.046061385,0.01697239,0.017710675,0.1279812,0.121082105,3.8e-09
0.0834379,0.18949105,0.161601,0.0,0.0,0.0,0.0,0.08266037,0.1910002,0.0,0.11500648,0.0,0.0,0.0,0.058356937,0.0,0.021849237,0.11749304,0.060244616,0.24856861,0.07962412,0.0,0.0,0.0,0.0,0.015260865,0.05581182,0.019002767,0.02006114,0.16727948,0.19668919,0.012207619,0.0057678903,0.0,0.0,0.020265253,0.016719226,0.20019124,0.19651185,0.12948376,0.13028435,0.0,0.0,0.109856986,0.0,0.0,0.040077966,0.016831748,0.017677784,0.12827457,0.122192495,3.5666667e-09
0.08438989,0.18935949,0.1652548,0.0,0.0,0.0,0.0,0.08348442,0.19089893,0.0,0.11838324,0.0,0.0,0.0,0.06704735,0.0,0.022042675,0.13791767,0.060085833,0.2728003,0.0735229,0.0,0.0,0.0,0.0,0.019171499,0.058886677,0.020616291,0.021723889,0.18128322,0.21138026,0.0126385195,0.0058261156,0.0,0.0,0.01762923,0.0143701965,0.21679252,0.21162418,0.14167069,0.14294752,0.0,0.0,0.11109289,0.0,0.0,0.034362204,0.016802168,0.017775573,0.12871169,0.12357299,3.1833334e-09
0.085206166,0.18839215,0.16839145,0.0,0.0,0.0,0.0,0.08417547,0.18995146,0.0,0.12128044,0.0,0.0,0.0,0.0733891,0.0,0.02226146,0.15473269,0.060671672,0.28602564,0.071126536,0.0,0.0,0.0,0.0,0.021502478,0.059613947,0.02236439,0.023523381,0.18890595,0.21876332,0.01314002,0.0059494227,0.0,0.0,0.015436517,0.01243759,0.22167508,0.21562803,0.14597577,0.14747839,0.0,0.0,0.11226871,0.0,0.0,0.030039215,0.016848596,0.017942762,0.12923601,0.12506421,2.7166667e-09
0.08535115,0.18697745,0.17070282,0.0,0.0,0.0,0.0,0.08426911,0.18854645,0.0,0.1234092,0.0,0.0,0.0,0.07496174,0.0,0.02243764,0.15938307,0.06161413,0.28600872,0.07187397,0.0,0.0,0.0,0.0,0.022139287,0.05872756,0.024077345,0.025290517,0.18851207,0.2177989,0.013616708,0.0061098817,0.0,0.0,0.013716045,0.010943847,0.21826626,0.21243396,0.1453354,0.14673157,0.0,0.0,0.11312431,0.0,0.0,0.02708662,0.016925361,0.018115593,0.12969917,0.12614827,2.2166666e-09
0.08519462,0.18527223,0.17217323,0.0,0.0,0.0,0.0,0.08408878,0.18684159,0.0,0.12476159,0.0,0.0,0.0,0.07230111,0.0,0.022510378,0.15687786,0.06281833,0.2740613,0.07945445,0.0,0.0,0.0,0.0,0.0218524,0.057075568,0.025396297,0.026634293,0.18249881,0.21052742,0.014013891,0.00628801,0.0,0.0,0.012461994,0.009882694,0.20589885,0.20101884,0.13713728,0.13823062,0.0,0.0,0.113720976,0.0,0.0,0.02645506,0.01699362,0.01824013,0.13008721,0.12690942,1.7333334e-09
0.08489247,0.1831648,0.17272434,0.0,0.0,0.0,0.0,0.08378267,0.18472381,0.0,0.12527314,0.0,0.0,0.0,0.066353686,0.0,0.022496352,0.1474971,0.06436771,0.2580061,0.09317926,0.0,0.0,0.0,0.0,0.020777043,0.055030983,0.026043188,0.027270412,0.17363374,0.20066358,0.014304634,0.006494932,0.0,0.0,0.011873431,0.009249899,0.18810278,0.18512742,0.12191845,0.122561626,0.0,0.0,0.11405418,0.0,0.0,0.028383493,0.017044965,0.018292312,0.13045979,0.12746772,1.4333333e-09
0.08517494,0.18085344,0.17198458,0.0,0.0,0.0,0.0,0.08412893,0.18238966,0.0,0.12459214,0.0,0.0,0.0,0.05888539,0.0,0.02245393,0.13515718,0.06627379,0.24121253,0.114930294,0.0,0.0,0.0,0.0,0.018943634,0.053211883,0.026032234,0.02721591,0.16280317,0.18906726,0.01448366,0.0067336955,0.0,0.0,0.012465065,0.009457281,0.16808504,0.16732115,0.10400166,0.104144305,0.0,0.0,0.11424691,0.0,0.0,0.032690037,0.017090952,0.018277107,0.1308426,0.12785247,1.5666667e-09
0.08819245,0.17821021,0.16783597,0.0,0.0,0.0,0.0,0.08725513,0.17969492,0.0,0.12069615,0.0,0.0,0.0,0.051754605,0.0,0.022441199,0.12177871,0.068770796,0.231684,0.14055756,0.0,0.0,0.0,0.0,0.01662364,0.051840346,0.02566533,0.026794322,0.15070169,0.17674935,0.014552088,0.0070182653,0.0,0.0,0.014366323,0.010761713,0.15583116,0.15690507,0.09375797,0.09350911,0.0,0.0,0.11437846,0.0,0.0,0.03860537,0.017172564,0.018236144,0.13117345,0.12797628,3e-09
0.09584926,0.17202747,0.15511537,0.0,0.0,0.0,0.0,0.09500606,0.17337951,0.0,0.108810626,0.0,0.0,0.0,0.045859575,0.0,0.022454934,0.11125043,0.07203867,0.22478694,0.16804773,0.0,0.0,0.0,0.0,0.014168216,0.05054701,0.025084347,0.026156636,0.13951792,0.1654482,0.014539057,0.0074086133,0.0,0.0,0.01727354,0.012971048,0.14582817,0.14845923,0.084630884,0.084063105,0.0,0.0,0.11448094,0.0,0.0,0.045783535,0.017368063,0.018220162,0.13145204,0.12790832,5.5666667e-09
0.10615032,0.16117758,0.12855789,0.0,0.0,0.0,0.0,0.10539904,0.16229706,0.0,0.087852135,0.0,0.0,0.0,0.04143399,0.0,0.022496274,0.10493007,0.07595487,0.21928172,0.19505039,0.0,9.97784e-05,0.0,0.0,0.0117676435,0.049306434,0.024381008,0.025394296,0.13113306,0.15676822,0.014481566,0.007890933,0.0,0.0,0.020649513,0.01562572,0.13828924,0.14200532,0.07625135,0.07549922,0.0,0.0,0.11455242,0.0,0.0,0.053384487,0.017840529,0.018296497,0.13172935,0.12773365,8.7e-09
0.117523395,0.1406929,0.0997945,0.0049115606,0.0,0.0,0.0,0.116859674,0.14149609,0.016993143,0.06698694,0.0,0.0,0.0,0.03890053,0.0,0.022596637,0.102588885,0.08026706,0.22312477,0.21734558,0.0,0.00035427496,0.0,0.0,0.009524983,0.048124366,0.0236412,0.024599347,0.12625612,0.1521337,0.014410373,0.00846429,0.0,0.0,0.02424467,0.018501386,0.13538535,0.13952903,0.07087116,0.070173815,0.0,0.0,0.11463082,0.0,0.0,0.060074527,0.018784234,0.018706588,0.13197926,0.12748995,1.15e-08
0.12748405,0.11273105,0.07125469,0.015381542,0.0,0.0,0.0,0.12689818,0.11323525,0.039616246,0.046336766,0.0,0.0,0.0,0.037310936,0.0,0.022749318,0.102044895,0.08481735,0.22910357,0.23493475,0.0,0.0007428096,0.0,0.0,0.0075898226,0.046980795,0.022907153,0.023832481,0.12262711,0.14886265,0.014359159,0.009110254,0.0,0.0,0.027747495,0.021421203,0.13397789,0.13837166,0.06675489,0.066192165,0.0,0.0,0.114684604,0.0,0.0,0.06538261,0.02022075,0.019561205,0.13216075,0.1271794,1.31e-08
0.1324932,0.08314539,0.043181572,0.027117463,0.0,0.0,0.0,0.13196233,0.08340225,0.0634375,0.026132733,0.0,0.0,0.0,0.03633259,0.0,0.022912117,0.10269636,0.0893588,0.23494582,0.24520978,0.0,0.0012378546,0.0,0.0,0.006174691,0.04588674,0.022260616,0.023181744,0.12011067,0.14663076,0.0143393455,0.009814059,0.0,0.0,0.030547688,0.023876287,0.13338287,0.13794947,0.06342776,0.06302952,0.0,0.0,0.11469063,0.0,0.0,0.06899189,0.021988831,0.020742962,0.13217478,0.12665574,1.335e-08
0.12936018,0.054532606,0.018498017,0.039944015,0.0045564193,0.0,0.0,0.12880525,0.054575447,0.08829214,0.009114425,0.0045204926,0.0,0.0,0.035680547,0.0,0.023076406,0.104914516,0.09324508,0.23910113,0.2509172,0.0,0.0018122087,0.0,0.0,0.0051562213,0.044870056,0.021661367,0.02258665,0.118528545,0.145333,0.014361704,0.010529968,0.0,0.0,0.032332134,0.02549285,0.13318406,0.13789101,0.060869712,0.060664788,0.0,0.0,0.11462928,0.0,0.0,0.07126329,0.023924626,0.022171525,0.1319441,0.12589702,1.1766667e-08
0.11863698,0.03022349,0.002306694,0.05226111,0.010675904,0.0,0.0,0.11805752,0.030138455,0.11251779,0.0,0.010597085,0.0,0.0,0.03524892,0.0,0.023206437,0.108872265,0.09585973,0.24234238,0.23785566,0.0,0.0024570716,0.0,0.0,0.0044878484,0.04410682,0.021141341,0.022084773,0.117605545,0.14472672,0.014403081,0.011158178,0.0,0.0,0.032647308,0.02585703,0.13330966,0.13805775,0.05940925,0.059434038,0.0,0.0,0.11448247,0.0,0.0,0.07007944,0.02586026,0.023722392,0.13078071,0.124744736,9.1666665e-09
0.10277428,0.0109522,0.0,0.0633352,0.01759466,0.0,0.0,0.10212574,0.010842288,0.1354289,0.0,0.017471032,0.0,0.0,0.035059206,0.0,0.023293879,0.11606987,0.097549215,0.24753481,0.21856938,0.0,0.0030617258,0.0,0.0,0.004145561,0.043527763,0.020735942,0.02170862,0.12005282,0.1481761,0.01445523,0.011694403,0.0,0.0,0.0313819,0.024899399,0.13607435,0.14031932,0.05955443,0.060047038,0.0,0.0,0.114239156,0.0,0.0,0.06645466,0.02758746,0.025318615,0.12924443,0.123437114,6e-09
0.084144965,0.0016597627,0.0,0.0680404,0.02119567,0.0,0.0,0.08342265,0.001612049,0.13993898,0.0,0.021043813,0.0,0.0,0.037439026,0.0,0.02335565,0.1293016,0.09768932,0.25515974,0.19240394,0.0,0.0035495344,0.0,0.0,0.0045437724,0.043085836,0.020530207,0.021597832,0.1278849,0.15674604,0.014536864,0.012117249,0.0,0.0,0.028821459,0.022835871,0.1476806,0.1514636,0.0664844,0.06786964,0.0,0.0,0.113805555,0.0,0.0,0.060377557,0.028886512,0.026725238,0.12735525,0.12203048,3.1333334e-09
0.06589528,0.0,0.0,0.06564244,0.022729276,0.0,0.0,0.06512696,0.0,0.13733527,0.0,0.022558657,0.0,0.0,0.045921877,0.0,0.023423057,0.1501235,0.09590006,0.26655984,0.1632834,0.0,0.0038894573,0.0,0.0,0.0054703825,0.042778086,0.02070825,0.02187565,0.1410885,0.17047992,0.014630539,0.012402668,0.0,0.0,0.025322547,0.019974563,0.16577959,0.16864409,0.07923031,0.08102338,0.0,0.0,0.11312902,0.0,0.0,0.05287589,0.029710585,0.027825272,0.12520276,0.12056242,1.4166667e-09
0.051464256,0.0,0.0,0.06278253,0.024619645,0.0,0.0,0.050620068,0.0,0.13438642,0.0,0.024428446,0.0,0.0,0.057719104,0.0,0.023503661,0.17441303,0.09321894,0.27911773,0.13256225,0.0,0.0040583303,0.0,0.0,0.006947454,0.04260081,0.021475332,0.02267287,0.16045387,0.18919657,0.014719887,0.012540773,0.0,0.0,0.021192882,0.016587898,0.18873128,0.19035582,0.09414457,0.096293285,0.0,0.0,0.11213751,0.0,0.0,0.044629842,0.030190961,0.028719882,0.12298561,0.11921165,7e-10
0.042190086,0.0,0.0,0.0578203,0.022191148,0.0,0.0,0.041312274,0.0,0.1293681,0.0,0.022014746,0.0,0.0,0.072904184,0.0,0.023584345,0.20025997,0.089756764,0.29042897,0.10180183,0.0,0.0040368,0.0,0.0,0.008652186,0.04243127,0.022942064,0.024079794,0.18298256,0.21044636,0.014798689,0.012542304,0.0,0.0,0.01675568,0.012939104,0.21474455,0.2149058,0.11033253,0.11275743,0.0,0.0,0.11077635,0.0,0.0,0.036020983,0.03046052,0.029463306,0.12078921,0.11799054,6.8333333e-10
0.03602498,0.0,0.0,0.045503207,0.016071664,0.0,0.0,0.03505568,0.0,0.11414862,0.0,0.015938155,0.0,0.0,0.09135196,0.0,0.023677673,0.22562645,0.08484005,0.29872292,0.08564956,0.0,0.003797167,0.0,0.0,0.010282877,0.041912176,0.024956191,0.025985293,0.20714533,0.23270567,0.014866198,0.012443076,0.0,0.0,0.012767315,0.0096395705,0.24463366,0.24293087,0.12826696,0.13050117,0.0,0.0,0.10909999,0.0,0.0,0.029466627,0.030599374,0.030111082,0.1192982,0.11703515,7.5e-10
0.038283855,0.007613307,0.008569075,0.034429114,0.009152909,0.0,0.0,0.037088558,0.0076411036,0.0912375,0.0021754252,0.009064208,0.0,0.0,0.11196274,0.0,0.023772702,0.24594371,0.07715391,0.30213025,0.07274716,0.0,0.0030927341,0.0,0.0,0.011414776,0.0407392,0.027285803,0.028178576,0.22976911,0.25188234,0.0149036795,0.012245415,0.0,0.0,0.009899365,0.0072475383,0.2796234,0.2756687,0.15091543,0.15154648,0.0,0.0,0.10665286,0.0,0.0,0.024677785,0.030648047,0.030657295,0.11726777,0.11532258,9e-10
0.043887366,0.026785262,0.03032854,0.024812352,0.0055518965,0.0,0.0,0.042424973,0.026949653,0.06973429,0.016507365,0.0054914267,0.0,0.0,0.13175084,0.0,0.023838079,0.25834456,0.06919309,0.30087915,0.0646323,0.0,0.0023504288,0.0,0.0,0.011833211,0.039377127,0.029755533,0.030415269,0.24802321,0.26649782,0.014888996,0.011971693,0.0,0.0,0.008080355,0.005744915,0.30821955,0.30167204,0.16947816,0.16798021,0.0,0.0,0.10399848,0.0,0.0,0.021893635,0.030600911,0.031060042,0.11524953,0.11338888,1e-09
0.051312577,0.049065325,0.056688048,0.016740333,0.0040182914,0.0,0.0,0.049542066,0.049414106,0.049714886,0.03509973,0.0039765816,0.0,0.0,0.14624298,0.0,0.02380782,0.26101992,0.062003963,0.29502815,0.05846705,0.0,0.0016219715,0.0,0.0,0.011828578,0.037918188,0.03210748,0.032518215,0.26142782,0.27618656,0.0148252295,0.011656632,0.0,0.0,0.007084789,0.0049497993,0.33160707,0.3227535,0.18369424,0.18064427,0.0,0.0,0.10129743,0.0,0.0,0.020244414,0.03045489,0.031305294,0.11329803,0.111361854,9.833333e-10
0.058522552,0.07223958,0.083524495,0.007864323,0.0021279228,0.0,0.0,0.056567393,0.072781965,0.028842486,0.05413752,0.0021067946,0.0,0.0,0.15767552,0.0,0.023659404,0.25717598,0.05487796,0.28750968,0.05318726,0.0,0.0009580532,0.0,0.0,0.011195801,0.036149748,0.034088098,0.034319874,0.26892507,0.28084612,0.014730029,0.011301129,0.0,0.0,0.006670367,0.0046526236,0.35066473,0.33968955,0.19659169,0.19209905,0.0,0.0,0.098685116,0.0,0.0,0.019125002,0.030208135,0.031387165,0.1112213,0.10921943,8.8333335e-10
0.06467931,0.094942786,0.110233486,0.0,0.0,0.0,0.0,0.062589824,0.09567447,0.009006165,0.07308443,0.0,0.0,0.0,0.16544512,0.0,0.023431895,0.24875377,0.04781934,0.28098008,0.048522208,0.0,0.00040522974,0.0,0.0,0.010236532,0.03427823,0.035526674,0.03567572,0.2729838,0.28255677,0.014602641,0.0109017715,0.0,0.0,0.0066046333,0.0046736435,0.36690405,0.35397568,0.20935258,0.2035765,0.0,0.0,0.09614282,0.0,0.0,0.018271081,0.02985137,0.03130371,0.109045394,0.106992915,7.5e-10
0.06916402,0.11606784,0.13752736,0.0,0.0,0.0,0.0,0.06702484,0.11698138,0.0,0.09261071,0.0,0.0,0.0,0.16876087,0.0,0.023162754,0.23689261,0.04173824,0.2769149,0.044708546,0.0,0.0,0.0,0.0,0.009176691,0.032724056,0.036476936,0.036586758,0.273958,0.28204292,0.014446724,0.010459851,0.0,0.0,0.006758289,0.0048984364,0.37918302,0.36476353,0.22067653,0.21400629,0.0,0.0,0.09370847,0.0,0.0,0.01755023,0.029377654,0.031063113,0.10658858,0.104418725,6.5e-10
0.06677022,0.1288278,0.15513383,0.0,0.0,0.0,0.0,0.064760625,0.12988314,0.0,0.108955994,0.0,0.0,0.0,0.16819374,0.0,0.02288403,0.22522649,0.038125463,0.2751381,0.042221125,0.0,0.0,0.0,0.0,0.0083967885,0.031848297,0.037089612,0.037182715,0.27242044,0.28020686,0.014296082,0.009986479,0.0,0.0,0.0070037055,0.0052070557,0.38182193,0.3671044,0.22663134,0.22016773,0.0,0.0,0.09194154,0.0,0.0,0.016893208,0.028813874,0.030711446,0.10461988,0.102366515,6.5e-10
0.062363397,0.13133559,0.15944216,0.0,0.0,0.0,0.0,0.060531028,0.13243224,0.0,0.11301815,0.0,0.0,0.0,0.16412815,0.0,0.022585725,0.21383831,0.035536807,0.27415842,0.040412817,0.0,0.0,0.0,0.0,0.007713089,0.031222526,0.037428576,0.03754013,0.268274,0.27627513,0.014162958,0.009487081,0.0,0.0,0.0072712926,0.005532311,0.37991646,0.36499366,0.2304643,0.22423595,0.0,0.0,0.09027605,0.0,0.0,0.016260039,0.028203279,0.030302731,0.1027732,0.10046157,1.1333333e-09
0.056689497,0.13167876,0.15943536,0.0,0.0,0.0,0.0,0.055056307,0.13277742,0.0,0.113047354,0.0,0.0,0.0,0.15858318,0.0,0.022299526,0.2034009,0.03346694,0.27355197,0.038892232,0.0,0.0,0.0,0.0,0.007034252,0.030717537,0.037556283,0.037702188,0.26294792,0.27143607,0.014054815,0.008959487,0.0,0.0,0.0075108763,0.005825737,0.3759632,0.36094272,0.23352331,0.22736141,0.0,0.0,0.08869644,0.0,0.0,0.015615746,0.027585395,0.02987853,0.101010114,0.09864003,1.7833334e-09
0.051499363,0.12966116,0.15826681,0.0,0.0,0.0,0.0,0.049936794,0.13073817,0.0,0.11202507,0.0,0.0,0.0,0.1518171,0.0,0.022035511,0.19478059,0.031805646,0.27323604,0.03765284,0.0,0.0,0.0,0.0,0.0065287137,0.030537976,0.03750217,0.037689243,0.2565978,0.26566762,0.013971818,0.008419345,0.0,0.0,0.0077024833,0.006067376,0.3700733,0.3548177,0.23609738,0.22991826,0.0,0.0,0.08719929,0.0,0.0,0.0149691645,0.026995236,0.029474508,0.09944852,0.096946545,2.4333333e-09
0.04751206,0.12769222,0.15689889,0.0,0.0,0.0,0.0,0.0459679,0.12874703,0.0,0.11080341,0.0,0.0,0.0,0.14438796,0.0,0.021763474,0.18698935,0.030440964,0.27293512,0.036340572,0.0,0.0,0.0,0.0,0.0062057427,0.030563097,0.03731528,0.037545636,0.25022727,0.2599449,0.013906969,0.007875682,0.0,0.0,0.007814624,0.006231186,0.36309242,0.3475879,0.23770809,0.23142374,0.0,0.0,0.085852355,0.0,0.0,0.014308113,0.026431248,0.029090986,0.098060235,0.09538193,2.9666667e-09
0.044993613,0.12627307,0.15445215,0.0,0.0,0.0,0.0,0.043459207,0.12730323,0.0,0.10857896,0.0,0.0,0.0,0.13749982,0.0,0.02146872,0.18064713,0.029371113,0.27266082,0.035090882,0.0,0.0,0.0,0.0,0.006075145,0.030744499,0.0370302,0.03730239,0.245049,0.25501466,0.0138636725,0.007334927,0.0,0.0,0.007838338,0.006312715,0.35542062,0.3396875,0.23884691,0.23246719,0.0,0.0,0.084613584,0.0,0.0,0.013639538,0.025901372,0.028742282,0.097061686,0.094277106,3.1e-09
0.043388594,0.124431,0.1525912,0.0,0.0,0.0,0.0,0.041865237,0.12543799,0.0,0.106902815,0.0,0.0,0.0,0.1311934,0.0,0.021143707,0.17484984,0.028503848,0.27261293,0.033958554,0.0,0.0,0.0,0.0,0.0061463634,0.031045282,0.036671814,0.036983233,0.24068074,0.25046268,0.013822855,0.006812311,0.0,0.0,0.0077820476,0.0063202153,0.347759,0.33180058,0.2393306,0.23298734,0.0,0.0,0.08345537,0.0,0.0,0.012987005,0.025400076,0.028422063,0.09639139,0.09356263,3.0333334e-09
0.04209579,0.120454215,0.15044954,0.0,0.0,0.0,0.0,0.040583264,0.12142217,0.0,0.10502839,0.0,0.0,0.0,0.12574361,0.0,0.020798804,0.16898254,0.027771816,0.27271155,0.032870006,0.0,0.0,0.0,0.0,0.0067367433,0.03184571,0.036254626,0.036602087,0.23790424,0.24743448,0.013791239,0.006306758,0.0,0.0,0.00764424,0.0062524527,0.33968994,0.32382393,0.23894517,0.23276484,0.0,0.0,0.08248519,0.0,0.0,0.012351514,0.024924481,0.028131444,0.09588235,0.09302991,2.5333333e-09
0.04120547,0.11498724,0.14778925,0.0,0.0,0.0,0.0,0.03970191,0.11590294,0.0,0.1027332,0.0,0.0,0.0,0.120370686,0.0,0.020441182,0.1630197,0.027144535,0.27298665,0.03182794,0.0,0.0,0.0,0.0,0.009096135,0.034359504,0.03578677,0.03616859,0.23564284,0.24501602,0.013777631,0.005821653,0.0,0.0,0.007436356,0.0061172596,0.3306495,0.31507787,0.23755781,0.23174173,0.0,0.0,0.08162215,0.0,0.0,0.011747986,0.02446143,0.027856108,0.09546691,0.09259639,1.9166666e-09
0.040473036,0.11098416,0.14577216,0.0,0.0,0.0,0.0,0.038981494,0.111861676,0.0,0.10101774,0.0,0.0,0.0,0.11464392,0.0,0.0200958,0.15698184,0.026601072,0.27327454,0.030818708,0.0,0.0,0.0,0.0,0.011910695,0.03727203,0.03528756,0.035703704,0.23291442,0.24288014,0.013780106,0.005357598,0.0,0.0,0.0071712662,0.0059225196,0.31920356,0.3045134,0.23460338,0.22925021,0.0,0.0,0.08083403,0.0,0.0,0.011178083,0.023990378,0.027566865,0.09508698,0.09219235,1.2666667e-09
0.039839014,0.10623529,0.14330837,0.0,0.0,0.0,0.0,0.03836279,0.10706822,0.0,0.098914206,0.0,0.0,0.0,0.10860654,0.0,0.019772584,0.1503334,0.026154755,0.2729346,0.030009653,0.0,0.0,0.0,0.0,0.014897771,0.040337592,0.034754455,0.035206504,0.22968273,0.2405559,0.013815371,0.0049190847,0.0,0.0,0.006856822,0.0056702187,0.30616057,0.29259163,0.2289894,0.22409886,0.0,0.0,0.08016174,0.0,0.0,0.010645965,0.02352061,0.027266553,0.0947079,0.09176783,6.6666667e-10
0.03981169,0.09507626,0.13283135,0.0,0.0,0.0,0.0,0.03836324,0.09580125,0.0,0.08945129,0.0,0.0,0.0,0.10209211,0.0,0.019480458,0.1433442,0.025799235,0.27170935,0.029288383,0.0,0.0,0.0,0.0,0.01788081,0.043386657,0.0341992,0.034692995,0.22608426,0.23805664,0.013887263,0.004514127,0.0,0.0,0.006503524,0.005366651,0.2926997,0.28036514,0.22100818,0.21672432,0.0,0.0,0.07956736,0.0,0.0,0.010153444,0.023093116,0.026993379,0.09429629,0.09124944,5e-10
0.040087372,0.076545075,0.10851676,0.0,0.0,0.0,0.0,0.038669627,0.07712362,0.0010158316,0.07260673,0.0,0.0,0.0,0.09584845,0.0,0.019226365,0.1364341,0.025513398,0.26976722,0.028469974,0.0,0.0,0.0,0.0,0.02076364,0.04603434,0.033635143,0.034178663,0.22239693,0.23560435,0.013993121,0.004138749,0.0,0.0,0.0061104824,0.0050106235,0.28044,0.2693133,0.21126051,0.20774335,0.0,0.0,0.07904848,0.0,0.0,0.009682841,0.022733502,0.026781432,0.09351256,0.09018115,4.6666665e-10
0.040352862,0.058842108,0.08459063,0.003339977,0.010759689,0.0,0.0,0.038966443,0.059281785,0.015568024,0.056087054,0.01071766,0.0,0.0,0.08998386,0.0,0.01901897,0.13017775,0.025295656,0.26735318,0.027599236,0.0,0.0,0.0,0.0,0.023132946,0.04761988,0.0330684,0.033673085,0.21872832,0.23320976,0.014118876,0.003791122,0.0,0.0,0.005685674,0.0046068085,0.26954225,0.2602417,0.20066573,0.19804084,0.0,0.0,0.07858551,0.0,0.0,0.009230048,0.022448665,0.026649736,0.09183893,0.08823817,4.833333e-10
0.037753403,0.041685842,0.06089819,0.010149532,0.024373213,0.0,0.0,0.036639206,0.041991398,0.03364291,0.039760675,0.024270713,0.0,0.0,0.08426782,0.0,0.018822066,0.12394219,0.02513607,0.2641282,0.02653335,0.0,0.0,0.0,0.0,0.023719061,0.047180388,0.03249849,0.033174135,0.21522771,0.23091371,0.014258076,0.0034636029,0.0,0.0,0.005215444,0.004142539,0.2587577,0.25152925,0.18942177,0.18762775,0.0,0.0,0.0782064,0.0,0.0,0.008776717,0.022227228,0.026596338,0.089032285,0.08528642,5.5e-10
0.03371803,0.024532275,0.037247397,0.01742655,0.038051713,0.0,0.0,0.032876957,0.02470405,0.05219753,0.023460627,0.037887104,0.0,0.0,0.07941432,0.0,0.018621912,0.1176742,0.025034187,0.2591508,0.025236197,0.0,0.0,0.0,0.0,0.023669612,0.045788113,0.031926326,0.032679558,0.21298155,0.22937325,0.014403326,0.0031522624,0.0,0.0,0.0046997336,0.0036189212,0.25037464,0.24498537,0.17826283,0.1771466,0.0,0.0,0.07788943,0.0,0.0,0.008318302,0.02207321,0.026633529,0.085614584,0.08175428,6e-10
0.029009802,0.008546873,0.014370114,0.023742566,0.052023,0.0,0.0,0.028440494,0.008596145,0.069718175,0.007838908,0.05179847,0.0,0.0,0.07501602,0.0,0.018397713,0.11124466,0.025009068,0.25090048,0.023784757,0.0,0.0,0.0,0.0,0.023303758,0.043900102,0.03133919,0.032172706,0.21136485,0.22836356,0.014547781,0.0028524445,0.0,0.0,0.00414902,0.0030505203,0.24058959,0.23698016,0.16649733,0.16608925,0.0,0.0,0.07764797,0.0,0.0,0.007869528,0.021978248,0.026754726,0.08182762,0.07784307,6.6666667e-10
0.023401732,0.0,0.0,0.030572908,0.06614947,0.0,0.0,0.023093857,0.0,0.08774207,0.0,0.06586297,0.0,0.0,0.07120342,0.0,0.018140057,0.10485465,0.025070969,0.24190822,0.022287956,0.0,0.0,0.0,0.0,0.022513786,0.041497383,0.030731853,0.031643584,0.20996632,0.22767578,0.014692779,0.0025578234,0.0,0.0,0.0035803807,0.0024545167,0.23028469,0.2284065,0.1556073,0.15567552,0.0,0.0,0.077539325,0.0,0.0,0.0074376343,0.021903628,0.026910586,0.07772849,0.07360724,6.3333333e-10
0.017355708,0.0,0.0,0.036996696,0.079431735,0.0,0.0011153161,0.017305216,0.0,0.104341075,0.0,0.07908744,0.0,0.0012202286,0.06754755,0.0,0.017815068,0.09819058,0.025216864,0.2311396,0.020894963,0.0,0.0,0.0,0.0,0.021414492,0.038977403,0.0300861,0.031071069,0.2076506,0.22620966,0.014829384,0.0022658878,0.0,0.0,0.0030095258,0.0018493145,0.21915784,0.2187668,0.1455471,0.14575261,0.0,0.0,0.077544935,0.0,0.0,0.007042954,0.021803305,0.027045006,0.07368685,0.069519766,5.6666666e-10
0.01127444,0.0,0.0,0.039891347,0.08103423,0.0,0.0035511053,0.011477844,0.0,0.10723476,0.0,0.08067774,0.0,0.0037485065,0.064123124,0.0,0.017416606,0.09163769,0.025440041,0.21987218,0.019577712,0.0,0.0,0.0,0.0,0.019881854,0.03634762,0.029419212,0.030469045,0.20490627,0.22436137,0.014964277,0.0019821858,0.0,0.0,0.0024593503,0.0012765022,0.20847985,0.208836,0.13637818,0.13647054,0.0,0.0,0.07767671,0.0,0.0,0.0067008883,0.021684391,0.027149128,0.07035069,0.06609449,4.5e-10
0.008061193,0.0,0.0,0.040630475,0.079252094,0.0,0.0067237886,0.008272783,0.0,0.10797856,0.0,0.07890007,0.0,0.007003427,0.06071308,0.0,0.01696664,0.08518662,0.025722831,0.2068558,0.0184644,0.0,0.0,0.0,0.0,0.01791512,0.033009164,0.028731124,0.029837904,0.20094024,0.22120644,0.015081668,0.0017122689,0.0,0.0,0.001954193,0.00080832443,0.19810219,0.198888,0.12766221,0.12757456,0.0,0.0,0.077898085,0.0,0.0,0.0064228536,0.021551969,0.02721289,0.06795493,0.06346472,3.3333333e-10
0.006311579,0.0,0.0,0.04106176,0.076694965,0.0,0.01066251,0.006524181,0.0,0.108415544,0.0,0.076351225,0.0,0.011009943,0.0567832,0.0,0.016448358,0.07735793,0.026001442,0.18491895,0.017582584,0.0,0.0,0.0,0.0,0.015885077,0.029782342,0.027846465,0.028974833,0.19512594,0.21538831,0.015155617,0.0014447726,0.0,0.0,0.0014882403,0.00045044604,0.18163909,0.18291767,0.11677526,0.11661785,0.0,0.0,0.07814241,0.0,0.0,0.0062093097,0.02138764,0.027213864,0.06544317,0.060553037,2.8333333e-10
0.005224943,0.0,0.0,0.042464785,0.074792944,0.0,0.015829517,0.00543339,0.0,0.10987604,0.0,0.0744518,0.0,0.01622574,0.05254341,0.0,0.01588614,0.06946374,0.026198827,0.16312732,0.016901994,0.0,0.0,0.0,0.0,0.0138149485,0.026627794,0.026651973,0.02774345,0.18727475,0.20733953,0.015144914,0.0011715678,0.0,0.0,0.0010626516,0.00020385772,0.16540976,0.16723229,0.10602294,0.10577096,0.0,0.0,0.07837099,0.0,0.0,0.0060603106,0.021176767,0.02713639,0.062391963,0.056953967,2.6666666e-10
0.0044958773,0.0,0.0,0.04433414,0.07363841,0.0,0.022956662,0.004694557,0.0,0.11181119,0.0,0.07329581,0.0,0.023389854,0.04820475,0.0,0.0152518395,0.061886914,0.026291708,0.14115389,0.016343167,0.0,0.0,0.0,0.0,0.0120173935,0.023810092,0.025292717,0.026305774,0.1789817,0.1985298,0.015041726,0.00088811317,0.0,0.0,0.0007134011,5.6787867e-05,0.14918803,0.15152562,0.09543527,0.09515866,0.0,0.0,0.07851227,0.0,0.0,0.0059639993,0.020921102,0.026993925,0.059070326,0.053107485,4e-10
0.0039699497,0.0,0.0,0.04714979,0.07398557,0.0,0.031699512,0.0041564596,0.0,0.11468905,0.0,0.073633224,0.0,0.032054,0.04414724,0.0,0.01454205,0.054996144,0.026281685,0.12062543,0.015886314,0.0,0.0,0.0,0.0,0.010520664,0.021381013,0.02387941,0.024792537,0.17157914,0.19035499,0.014873189,0.00062932214,0.0,0.0,0.00044653358,0.0,0.13376658,0.136627,0.08544662,0.08520715,0.0,0.0,0.078560494,0.0,0.0,0.0059173782,0.02064305,0.026817089,0.055720642,0.04932983,8e-10
0.003563566,0.0,0.0,0.04985314,0.07507494,3.7718815e-05,0.04102655,0.0037371733,0.0,0.117427334,0.0,0.07471089,4.66085e-05,0.041316118,0.040251043,0.0,0.013773401,0.04845307,0.026158469,0.100512765,0.015490538,0.0,0.0,0.0,0.0,0.009466047,0.019530855,0.022436105,0.023233432,0.16463971,0.1824835,0.014639722,0.0004097134,0.0,0.0,0.00024343668,0.0,0.118602544,0.1219762,0.07571519,0.07552413,0.0,0.0,0.07853051,0.0,0.0,0.0058994084,0.020326653,0.02658946,0.0523321,0.04555038,1.3666667e-09
0.0032311194,0.0,0.0,0.051443946,0.07715059,0.0001724767,0.050745815,0.003391941,0.0,0.1189773,0.0,0.076774284,0.00019039065,0.050983388,0.036703184,0.0,0.012956397,0.042546812,0.025930611,0.08257298,0.015130182,0.0,0.0,0.0,0.0,0.008850629,0.018588062,0.020996697,0.02166668,0.15895958,0.175859,0.014360166,0.00022815364,0.0,0.0,9.641227e-05,0.0,0.10452483,0.10831807,0.06656993,0.06639592,0.0,0.0,0.078434005,0.0,0.0,0.0058967224,0.019975398,0.026316212,0.04892073,0.041795656,2.05e-09
0.002947407,0.0,0.0,0.053122826,0.080454215,0.00039971003,0.060376678,0.003095974,0.0,0.12059254,0.0,0.0800607,0.00042676824,0.06058021,0.034057975,0.0,0.012121042,0.03882089,0.025654584,0.07515422,0.014820345,0.0,0.0,0.0,0.0,0.008446895,0.017965559,0.019741798,0.02030184,0.15517196,0.17183396,0.014055031,9.57897e-05,0.0,0.0,1.5008033e-05,0.0,0.09777197,0.10181742,0.060754333,0.060555752,0.0,0.0,0.07835465,0.0,0.0,0.005913056,0.01960338,0.026014913,0.04609515,0.038781233,2.6833333e-09
0.0026982084,0.0,0.0,0.054543838,0.083011486,0.0007095784,0.069343604,0.0028352365,0.0,0.121950865,0.0,0.08260431,0.0007458715,0.06953544,0.032446656,0.0,0.011275662,0.036846444,0.025379254,0.07152764,0.014557801,0.0,0.0,0.0,0.0,0.00820105,0.017527416,0.018808309,0.019300945,0.15365514,0.1700685,0.013764126,1.9744582e-05,0.0,0.0,0.0,0.0,0.09451394,0.09863359,0.057897102,0.057674874,0.0,0.0,0.078325875,0.0,0.0,0.005943525,0.019232497,0.025711063,0.044106107,0.036787182,3.0833334e-09
0.0024752407,0.0,0.0,0.05486292,0.084947154,0.001092349,0.07666943,0.0026015094,0.0,0.1221894,0.0,0.08453179,0.001137888,0.07686374,0.03135975,0.0,0.0104604615,0.035595827,0.025098877,0.06957027,0.0143415835,0.0,0.0,0.0,0.0,0.00804537,0.017193489,0.018042307,0.018494507,0.15287225,0.16906692,0.013476621,0.0,0.0,0.0,0.0,0.0,0.09242072,0.0965644,0.056121554,0.055878922,0.0,0.0,0.0783593,0.0,0.0,0.0059891474,0.018850528,0.025388466,0.042649325,0.035371173,3.2333334e-09
0.002273452,0.0,0.0,0.054511618,0.086269714,0.0015460292,0.081501745,0.0023897442,0.0,0.12175258,0.0,0.08585056,0.0016008505,0.081711546,0.03051677,0.0,0.0097104525,0.03470557,0.024815416,0.06845281,0.014140654,0.0,0.0,0.0,0.0,0.007910449,0.016892977,0.01736297,0.017783584,0.15240425,0.16838391,0.013189037,0.0,0.0,0.0,0.0,0.0,0.09097055,0.09510885,0.05489214,0.05462886,0.0,0.0,0.07845806,0.0,0.0,0.0060344962,0.018463023,0.02504926,0.041459177,0.034205917,3.0333334e-09
0.0020895698,0.0,0.0,0.05439777,0.08791246,0.0020101464,0.08467741,0.0021966405,0.0,0.12155019,0.0,0.08748762,0.0020653575,0.08490404,0.02980859,0.0,0.009004911,0.034011483,0.02454541,0.0677123,0.013956029,0.0,0.0,0.0,0.0,0.007841368,0.016652934,0.01674486,0.017137162,0.15210803,0.16787274,0.012900711,0.0,0.0,0.0,0.0,0.0,0.08981253,0.09393184,0.05390982,0.053628035,0.0,0.0,0.07860691,0.0,0.0,0.006075858,0.018070893,0.024696818,0.040426835,0.03318754,2.6333333e-09
0.0019213187,0.0,0.0,0.05408473,0.08933651,0.002428488,0.08686371,0.002019881,0.0,0.1211573,0.0,0.08890739,0.0024839628,0.087106876,0.029166626,0.0,0.008339433,0.03340171,0.024284728,0.06706833,0.0137958,0.0,0.0,0.0,0.0,0.007857205,0.016504984,0.016160613,0.016524438,0.15185526,0.16740027,0.0126012545,0.0,0.0,0.0,0.0,0.0,0.08873707,0.09282063,0.05300507,0.052707847,0.0,0.0,0.07878865,0.0,0.0,0.0061184256,0.01767834,0.02433564,0.03954187,0.032290418,2.0833333e-09
0.0017669987,0.0,0.0,0.053494517,0.09024647,0.0027942352,0.08849305,0.0018577194,0.0,0.12049415,0.0,0.089815944,0.0028498473,0.08875122,0.028587142,0.0,0.007721631,0.03285966,0.024038708,0.066490196,0.013644278,0.0,0.0,0.0,0.0,0.00791116,0.016404243,0.015618788,0.015955376,0.15165375,0.16698962,0.012312793,0.0,0.0,0.0,0.0,0.0,0.08775681,0.09180023,0.052180514,0.051869772,0.0,0.0,0.0789938,0.0,0.0,0.0061545544,0.017299045,0.023980664,0.03875962,0.031483013,1.5666667e-09
0.0016252566,0.0,0.0,0.05328825,0.091102205,0.0031078584,0.089662045,0.0017087545,0.0,0.120232224,0.0,0.090669215,0.0031635384,0.0899337,0.028051358,0.0,0.007144596,0.032363776,0.023802925,0.06591719,0.0134844845,0.0,0.0,0.0,0.0,0.007956009,0.016303694,0.015119419,0.015430624,0.15147398,0.16661732,0.012036464,0.0,0.0,0.0,0.0,0.0,0.08682801,0.090826996,0.051404525,0.05108101,0.0,0.0,0.07922226,0.0,0.0,0.0061705443,0.016931036,0.023629988,0.038023412,0.030716235,1.2333333e-09
0.0014949602,0.0,0.0,0.053018823,0.09149371,0.003360391,0.09065634,0.0015718074,0.0,0.11992198,0.0,0.091060266,0.0034161236,0.090940766,0.027592286,0.0,0.0066052824,0.03195269,0.023596132,0.06548963,0.013305996,0.0,0.0,0.0,0.0,0.007995542,0.016201036,0.014684048,0.014972569,0.15142271,0.16638356,0.011801004,0.0,0.0,0.0,0.0,0.0,0.08627346,0.09022112,0.05083655,0.05050847,0.0,0.0,0.07952293,0.0,0.0,0.0061678644,0.016593277,0.023305535,0.0373408,0.030004255,1.0333333e-09
0.0013751274,0.0,0.0,0.053016525,0.09163,0.0035283025,0.0914932,0.0014458523,0.0,0.11989718,0.0,0.09119614,0.0035840508,0.09178955,0.027187489,0.0,0.0061024264,0.031607743,0.023409195,0.06512904,0.013109529,0.0,0.0,0.0,0.0,0.008014174,0.01608501,0.014296879,0.014563921,0.1514414,0.1662318,0.011595633,0.0,0.0,0.0,0.0,0.0,0.08585913,0.08974956,0.050374534,0.05004391,0.0,0.0,0.07989806,0.0,0.0,0.0061407126,0.016272472,0.022992812,0.03669106,0.02932624,9.166667e-10
0.0012648873,0.0,0.0,0.053107794,0.091435604,0.0036251026,0.09215429,0.0013299768,0.0,0.11997664,0.0,0.0910023,0.0036808446,0.092460945,0.026814152,0.0,0.0056294785,0.031286653,0.023219591,0.06478212,0.012902885,0.0,0.0,0.0,0.0,0.007999945,0.015944485,0.013936004,0.014181496,0.15143003,0.16604878,0.01140483,0.0,0.0,0.0,0.0,0.0,0.08549212,0.089321196,0.04997739,0.049643412,0.0,0.0,0.080325514,0.0,0.0,0.006096266,0.015966736,0.022689348,0.036052983,0.028662737,8.8333335e-10
0.0011634553,0.0,0.0,0.053298812,0.09052956,0.003641746,0.09270812,0.0012233582,0.0,0.12017162,0.0,0.09009926,0.0036974137,0.093023546,0.026485419,0.0,0.0051944917,0.030986197,0.02303851,0.064455196,0.012705678,0.0,0.0,0.0,0.0,0.007964358,0.015794232,0.013606628,0.013831909,0.15147679,0.16594721,0.0112386765,0.0,0.0,0.0,0.0,0.0,0.08518426,0.08896431,0.04964829,0.04930987,0.0,0.0,0.08085319,0.0,0.0,0.006046336,0.015685746,0.02240732,0.0354521,0.02803543,9.333333e-10
0.0010701191,0.0,0.0,0.05380486,0.08879082,0.0035800762,0.09317423,0.0011252481,0.0,0.12071425,0.0,0.08836571,0.0036356146,0.09349693,0.02620962,0.0,0.0047956314,0.030705843,0.022873906,0.064155765,0.012525731,0.0,0.0,0.0,0.0,0.00789613,0.015634485,0.013314053,0.013520495,0.15160966,0.16596046,0.011100157,0.0,0.0,0.0,0.0,0.0,0.084950715,0.08868562,0.049384724,0.049037218,0.0,0.0,0.08156423,0.0,0.0,0.005997408,0.015435473,0.022150276,0.034880653,0.027430322,1.05e-09
0.0009842275,0.0,0.0,0.054645285,0.08678165,0.003466079,0.09352451,0.0010349632,0.0,0.12161437,0.0,0.08636178,0.0035214417,0.093853146,0.025984673,0.0,0.0044352305,0.030438982,0.022727959,0.063878894,0.012369231,0.0,0.0,0.0,0.0,0.007836912,0.01551471,0.0130489925,0.013237459,0.15181035,0.16606969,0.010983495,0.0,0.0,0.0,0.0,0.0,0.08476858,0.088463984,0.049170054,0.048809413,0.0,0.0,0.082555115,0.0,0.0,0.005953775,0.0152222365,0.021926044,0.03434031,0.02684503,1.2e-09
0.00090518437,0.0,0.0,0.056274332,0.08483391,0.0033239417,0.093686335,0.00095187663,0.0,0.12333183,0.0,0.084416635,0.003379118,0.09401965,0.025803529,0.0,0.004103407,0.030183582,0.022586515,0.06364932,0.01220685,0.0,0.0,0.0,0.0,0.0077124974,0.015336266,0.012813719,0.012987602,0.15201722,0.16620576,0.010885369,0.0,0.0,0.0,0.0,0.0,0.08465758,0.08831768,0.04902127,0.048643973,0.0,0.0,0.0837464,0.0,0.0,0.005901545,0.015041347,0.021730682,0.033810027,0.026258646,1.3333333e-09
0.0008324422,0.0,0.0,0.058128063,0.0831087,0.0031762142,0.09364925,0.0008754133,0.0,0.1252797,0.0,0.08269247,0.0032311785,0.09398589,0.025660245,0.0,0.0037886228,0.029942775,0.022448378,0.06348726,0.0120369615,0.0,0.0,0.0,0.0,0.007497848,0.0148894405,0.012605041,0.0127691915,0.15215722,0.16628614,0.010802432,0.0,0.0,0.0,0.0,0.0,0.084595695,0.08822555,0.048936978,0.048537657,0.0,0.0,0.08510254,0.0,0.0,0.005843575,0.014889625,0.021556677,0.033275917,0.025655262,1.4333333e-09
0.000765498,0.0,0.0,0.060975898,0.08131555,0.0030168188,0.09261305,0.00080504443,0.0,0.12826426,0.0,0.08089776,0.00307151,0.09295013,0.025551148,0.0,0.0034915498,0.029708603,0.022314541,0.06336763,0.011860689,0.0,0.0,0.0,0.0,0.007179081,0.014215746,0.012424823,0.01258671,0.15214592,0.16621377,0.010736243,0.0,0.0,0.0,0.0,0.0,0.084577434,0.088185035,0.048905786,0.048481368,0.0,0.0,0.08649823,0.0,0.0,0.005782413,0.014759569,0.02139734,0.032746878,0.025042731,1.45e-09
0.0007038893,0.0,0.0,0.061124403,0.078329936,0.002820735,0.09088883,0.0007402839,0.0,0.12846652,0.0,0.0779234,0.0028750482,0.091221936,0.025456019,0.0,0.003197036,0.02948116,0.022171013,0.06327614,0.011654153,0.0,0.0,0.0,0.0,0.006747696,0.013387351,0.012270922,0.012436161,0.15189694,0.16586587,0.010678897,0.0,0.0,0.0,0.0,0.0,0.08454847,0.08813246,0.048918262,0.048462294,0.0,0.0,0.087824,0.0,0.0,0.005711941,0.01463015,0.02122183,0.032205656,0.02439857,1.3833333e-09
0.00064719055,0.0,0.0064531635,0.051821385,0.06693731,0.0025736124,0.085811414,0.00068068464,0.0,0.10798021,0.0010732565,0.06659084,0.0026272682,0.08614323,0.025394,0.0,0.0029112059,0.029257659,0.022017067,0.06320742,0.011405509,0.0,0.0,0.0,0.0,0.0058876174,0.012380958,0.012161866,0.012337077,0.15149939,0.1653617,0.010638787,0.0,0.0,0.0,0.0,0.0,0.084547356,0.088100955,0.049009178,0.048508503,0.0,0.0,0.08904229,0.0,0.0,0.005641388,0.014506894,0.021019612,0.031712685,0.023773061,1.25e-09
0.0006761848,0.0,0.033858377,0.04204717,0.05346422,0.0022389896,0.074586235,0.0007060038,0.0,0.08700255,0.021671835,0.053185955,0.0022915574,0.0748934,0.025360873,0.0,0.002622673,0.02901717,0.021847973,0.06315518,0.011124372,0.0,0.0,0.0,0.0,0.004602074,0.0110889925,0.012103515,0.012298504,0.15079045,0.16446424,0.010612107,0.0,0.0,0.0,0.0,0.0,0.08461585,0.08811941,0.049216844,0.048652712,0.0,0.0,0.08999497,0.0,0.0,0.0055840346,0.01438516,0.020775681,0.031350665,0.023234973,1.0833333e-09
0.0124073215,0.006357081,0.070661925,0.03166877,0.04011284,0.0017458239,0.05897715,0.012387788,0.006457139,0.06539775,0.050974842,0.03990406,0.0017892794,0.059227422,0.025303945,0.0,0.002329722,0.028697401,0.0216594,0.06298544,0.010873598,0.0,0.0,0.0,0.0,0.003386486,0.009642122,0.012060666,0.012283789,0.1474025,0.16040705,0.010565165,0.0,0.0,0.0,0.0,0.0,0.08460592,0.08803266,0.049464934,0.04882226,0.0,0.0,0.090691954,0.0,0.0,0.0055606784,0.014251259,0.020473242,0.03171861,0.022938095,9.666666e-10
0.031487357,0.023064766,0.11621401,0.020929202,0.026749799,0.0012719592,0.04348689,0.031440943,0.023401001,0.0434188,0.08834389,0.026611693,0.0013063292,0.04368022,0.025244096,0.0,0.0020376248,0.02829935,0.021479236,0.06270572,0.01067952,0.0,0.0,0.0,0.0,0.002281344,0.008293028,0.012052693,0.01231402,0.14331158,0.15554196,0.010515539,0.0,0.0,0.0,0.0,0.0,0.084598646,0.0879082,0.0497869,0.049057044,0.0,0.0,0.091250084,0.0,0.0,0.0055653094,0.014112966,0.020129705,0.033908613,0.023775827,1.0833333e-09
0.05810524,0.05328498,0.16548474,0.009165968,0.01364303,0.00083271874,0.028923512,0.05803069,0.054033544,0.020373017,0.12902156,0.013577551,0.00085808814,0.029061703,0.025185648,0.0,0.0017295456,0.02785872,0.021342661,0.062409114,0.010600027,0.0,0.0,0.0,0.0,0.0012989755,0.007022038,0.012092497,0.012397809,0.13898487,0.15038355,0.010476542,0.0,0.0,0.0,0.0,0.0,0.08465002,0.08778421,0.050280195,0.049453378,0.0,0.0,0.09187133,0.0,0.0,0.0056083826,0.013976546,0.01975876,0.038953517,0.027195081,1.3666667e-09
0.08900759,0.09250517,0.21422209,0.0,0.0022036012,0.0004590595,0.015015655,0.08890698,0.09376756,0.0,0.16899121,0.0021964067,0.0004755935,0.015102261,0.02515484,0.0,0.001410027,0.027416963,0.021293927,0.06218294,0.010709653,0.0,0.0,0.0,0.0,0.0004217998,0.005736906,0.0121960025,0.012551394,0.13471629,0.14525808,0.010474329,0.0,0.0,0.0,0.0,0.0,0.08487415,0.087768,0.05157837,0.050730754,0.0,0.0,0.09330611,0.0,0.0,0.0056911213,0.013851767,0.019383688,0.047330618,0.03373498,1.7e-09
0.1216829,0.1324007,0.25081444,0.0,0.0,0.0001748714,0.004428036,0.12155721,0.1341299,0.0,0.20243964,0.0,0.00018291036,0.0044599012,0.02506394,0.0,0.0010594089,0.02692861,0.021314505,0.0618722,0.011036134,0.0,0.0,0.0,0.0,0.0,0.004474041,0.012316207,0.01272272,0.13037696,0.13999213,0.010474229,0.0,0.0,0.0,0.0,0.00014251498,0.08502106,0.0875433,0.053048965,0.052215327,0.0,0.0,0.09491559,0.0,0.0,0.0058092936,0.013705265,0.018986031,0.056874603,0.041389853,2.0333333e-09
0.15084937,0.16902551,0.26628792,0.0,0.0,0.0,0.0,0.15071642,0.17118567,0.0,0.21627714,0.0,0.0,0.0,0.024884967,0.0,0.0007403262,0.026346222,0.021371478,0.0607272,0.011536757,0.0,0.0,0.0,0.0,0.0,0.0033574204,0.012414779,0.012867604,0.12575044,0.1342703,0.010451675,0.0,0.0,0.0,6.449533e-05,0.00040192943,0.084388964,0.08627222,0.054475177,0.053690042,0.0,0.0,0.09656715,0.0,0.0,0.0059616338,0.013514643,0.018556792,0.06690778,0.04954825,2.2333333e-09
0.1659407,0.19502725,0.27084148,0.0,0.0,0.0,0.0,0.16583467,0.19746174,0.0,0.22003019,0.0,0.0,0.0,0.024640143,0.0,0.00047123778,0.025736326,0.021460507,0.058898073,0.0121495435,0.0,0.0,0.0,0.0,0.0,0.002335673,0.0124988435,0.012990021,0.12323749,0.13096765,0.010417387,0.0,0.0,0.0,0.00018939667,0.00074477156,0.08295194,0.08414596,0.05568164,0.054961734,0.0,0.0,0.09818687,0.0,0.0,0.0061416505,0.0132809,0.018094923,0.076520234,0.05776771,2.2666666e-09
0.1701206,0.20808691,0.26707643,0.0,0.0,0.0,0.0,0.170021,0.21063626,0.0,0.21620402,0.0,0.0,0.0,0.024296926,0.0,0.00025283007,0.02498234,0.021520227,0.05623548,0.012827986,0.0,0.0,0.0,0.0,0.0,0.0015179892,0.012527698,0.013043595,0.12095656,0.1279242,0.0103430385,0.0,0.0,0.0,0.00035102761,0.001139135,0.08058142,0.08115674,0.05641945,0.05576916,0.0,0.0,0.09948451,0.0,0.0,0.0063638417,0.012972195,0.017518053,0.08405576,0.06465958,2.0666666e-09
0.16500892,0.20560928,0.26101288,0.0,0.0,0.0,0.0,0.16491853,0.208087,0.0,0.21045154,0.0,0.0,0.0,0.023863863,0.0,0.0001020442,0.024154715,0.021519532,0.053057395,0.013496412,0.0,0.0,0.0,0.0,0.0,0.00088826905,0.012494749,0.01302565,0.118321724,0.12462477,0.010223403,0.0,0.0,0.0,0.00054566085,0.00157424,0.077461265,0.07753952,0.05653139,0.055927794,0.0,0.0,0.10022129,0.0,0.0,0.006619513,0.012587578,0.016803447,0.08831898,0.068586804,1.7333334e-09
0.1546275,0.19323908,0.25523627,0.0,0.0,0.0,0.0,0.15454611,0.1955325,0.0,0.20519435,0.0,0.0,0.0,0.023325032,0.0,1.6279484e-05,0.02324277,0.02141384,0.049436186,0.014081294,0.0,0.0,0.0,0.0,0.0,0.00042790096,0.01237658,0.012911727,0.11540826,0.12114467,0.010034495,0.0,0.0,0.0,0.0007648828,0.0020377787,0.07372012,0.0734464,0.05530335,0.054669537,0.0,0.0,0.09960776,0.0,0.0,0.0069109593,0.012127781,0.015996339,0.08900359,0.069171496,1.3e-09
0.14147884,0.17897302,0.255331,0.0,0.0,0.0,0.0,0.1414091,0.18111767,0.0,0.20557696,0.0,0.0,0.0,0.022712747,0.0,0.0,0.022279043,0.021200262,0.0455833,0.014566855,0.0,0.0,0.0,0.0,0.0,0.00014942093,0.012166248,0.0126952,0.11218523,0.117362656,0.009774229,0.0,0.0,0.0,0.0009913441,0.0023691955,0.0694591,0.06902803,0.053347766,0.052654326,0.0,0.0,0.09823533,0.0,0.0,0.007235608,0.011597543,0.015093315,0.088303894,0.06841089,8.666667e-10
0.13075532,0.1672338,0.25526798,0.0,0.0,0.0,0.0,0.13068332,0.16925564,0.0,0.2057449,0.0,0.0,0.0,0.022037262,0.0,0.0,0.021337146,0.020901911,0.042277463,0.0149769,0.0,0.0,0.0,0.0,0.0,2.6975833e-06,0.011885909,0.012400335,0.1087558,0.113516904,0.0094651515,0.0,0.0,0.0,0.0011523741,0.0025852174,0.06527262,0.06499905,0.050942693,0.05016874,0.0,0.0,0.09628331,0.0,0.0,0.0075788726,0.011011907,0.014107816,0.08678496,0.066857524,5.6666666e-10
0.12147194,0.15846787,0.25637004,0.0,0.0,0.0,0.0,0.12141094,0.16040774,0.0,0.20698524,0.0,0.0,0.0,0.021329194,0.0,0.0,0.020404417,0.02053325,0.03955216,0.015326828,0.0,0.0,0.0,0.0,0.0,0.0,0.011548941,0.0120424135,0.10550287,0.11001119,0.009121544,0.0,0.0,0.0,0.0012460048,0.0027119338,0.061584264,0.0615704,0.048454233,0.04759564,0.0,0.0,0.09406521,0.0,0.0,0.007932172,0.010383415,0.013083268,0.08485425,0.06487128,3.8333334e-10
0.11501904,0.1509629,0.25735185,0.0,0.0,0.0,0.0,0.114968434,0.15283233,0.0,0.20805204,0.0,0.0,0.0,0.020611031,0.0,0.0,0.019600742,0.020135453,0.037574608,0.015633289,0.0,0.0,0.0,0.0,0.0,0.0,0.011177835,0.011648004,0.10246175,0.10684381,0.008759006,0.0,0.0,0.0,0.0012892893,0.0027733303,0.058562886,0.058793094,0.04614633,0.045209985,0.0,0.0,0.09184537,0.0,0.0,0.008283221,0.009745719,0.0121076675,0.0830516,0.062922046,2.5e-10
0.10950187,0.14442356,0.25646392,0.0,0.0,0.0,0.0,0.10946004,0.14621913,0.0,0.20734192,0.0,0.0,0.0,0.019901372,0.0,0.0,0.0188609,0.019721383,0.036048103,0.015898649,0.0,0.0,0.0,0.0,0.0,0.0,0.010782732,0.011226995,0.100009024,0.10427863,0.00838626,0.0,0.0,0.0,0.0012862394,0.0027791138,0.05610767,0.05652489,0.044169404,0.04318704,0.0,0.0,0.08985193,0.0,0.0,0.008620196,0.009114852,0.011216739,0.08151644,0.061177824,1.5e-10
0.10451628,0.1383687,0.25533894,0.0,0.0,0.0,0.0,0.10448179,0.14009458,0.0,0.2063949,0.0,0.0,0.0,0.019209158,0.0,0.0,0.01817401,0.019306134,0.034860794,0.016132876,0.0,0.0,0.0,0.0,0.0,0.0,0.010370552,0.010787873,0.097847685,0.102001876,0.00800594,0.0,0.0,0.0,0.0012454237,0.002740475,0.054054774,0.05458811,0.042634845,0.04161002,0.0,0.0,0.08821425,0.0,0.0,0.008934641,0.008495583,0.0103693325,0.080105364,0.05953153,1.1666666e-10
0.09996915,0.133234,0.25413722,0.0,0.0,0.0,0.0,0.09993863,0.13489921,0.0,0.20536217,0.0,0.0,0.0,0.018553223,0.0,0.0,0.017536728,0.018901417,0.0339013,0.016327271,0.0,0.0,0.0,0.0,0.0,0.0,0.009965755,0.010357035,0.096043885,0.10017038,0.007637964,0.0,0.0,0.0,0.001184757,0.0026766374,0.052453756,0.053055126,0.041491862,0.040432066,0.0,0.0,0.086949274,0.0,0.0,0.0092180185,0.00790034,0.009591389,0.078662135,0.05790077,1e-10
0.095865846,0.12863517,0.25335196,0.0,0.0,0.0,0.0,0.09583594,0.13024795,0.0,0.2047204,0.0,0.0,0.0,0.017956266,0.0,0.0,0.016945075,0.01851594,0.033165287,0.016474081,0.0,0.0,0.0,0.0,0.0,0.0,0.009581289,0.009947925,0.094885446,0.09910116,0.007288588,0.0,0.0,0.0,0.0011131598,0.0025973837,0.051402904,0.052047823,0.040663145,0.039572686,0.0,0.0,0.08609056,0.0,0.0,0.009468493,0.0073408694,0.008894356,0.0772711,0.056346044,1e-10
0.0923695,0.124887034,0.25243863,0.0,0.0,0.0,0.0,0.09233882,0.12645607,0.0,0.2039294,0.0,0.0,0.0,0.017405154,0.0,0.0,0.016395751,0.018149016,0.032539178,0.01658721,0.0,0.0,0.0,0.0,0.0,0.0,0.009213343,0.009556896,0.09395119,0.09828169,0.0069557456,0.0,0.0,0.0,0.001034732,0.0025074438,0.050574712,0.051244833,0.039973825,0.03885705,0.0,0.0,0.08543612,0.0,0.0,0.009690592,0.0068147318,0.008251705,0.07586731,0.054830052,1e-10
0.088752285,0.121735,0.2505641,0.0,0.0,0.0,0.0,0.08872053,0.12326122,0.0,0.20221612,0.0,0.0,0.0,0.016889833,0.0,0.0,0.0158762,0.017788107,0.031959333,0.01667134,0.0,0.0,0.0,0.0,0.0,0.0,0.008854937,0.0091751125,0.09317239,0.097587995,0.006635872,0.0,0.0,0.0,0.00094996765,0.0024096114,0.049768653,0.05046694,0.039331388,0.03818459,0.0,0.0,0.08491947,0.0,0.0,0.009890108,0.006318743,0.007653275,0.07441147,0.0533149,1e-10
0.084921,0.118688434,0.2478972,0.0,0.0,0.0,0.0,0.084889136,0.12016981,0.0,0.19973049,0.0,0.0,0.0,0.016407136,0.0,0.0,0.015387344,0.01743464,0.031395644,0.016740108,0.0,0.0,0.0,0.0,0.0,0.0,0.008503803,0.0087994095,0.09247491,0.09695808,0.0063289716,0.0,0.0,0.0,0.00085796067,0.0023046301,0.048971612,0.049704764,0.038688995,0.03751787,0.0,0.0,0.08447879,0.0,0.0,0.010076834,0.005848803,0.0070942603,0.07293707,0.051868476,1.1666666e-10
0.080737464,0.114892356,0.24541101,0.0,0.0,0.0,0.0,0.080705404,0.116323225,0.0,0.19742128,0.0,0.0,0.0,0.015957264,0.0,0.0,0.01492691,0.017090062,0.030845959,0.016781775,0.0,0.0,0.0,0.0,0.0,0.0,0.00816625,0.008437284,0.091827445,0.0963671,0.0060402844,0.0,0.0,0.0,0.0007626541,0.002196946,0.04818917,0.04896027,0.03804594,0.03685527,0.0,0.0,0.08409889,0.0,0.0,0.010248978,0.00540374,0.006571176,0.07132931,0.050352357,1.3333333e-10
0.07652739,0.1106174,0.24235699,0.0,0.0,0.0,0.0,0.07649499,0.11199058,0.0,0.19457461,0.0,0.0,0.0,0.015538193,0.0,0.0,0.014501713,0.016764976,0.03032021,0.016803572,0.0,0.0,0.0,0.0,0.0,0.0,0.007845048,0.008091865,0.09121607,0.095798805,0.0057706297,0.0,0.0,0.0,0.0006660826,0.002087912,0.047426347,0.04823695,0.03740563,0.036198337,0.0,0.0,0.08377972,0.0,0.0,0.010407562,0.0049881227,0.0060860356,0.069794245,0.048924856,1.5e-10
0.07256486,0.106026165,0.23912802,0.0,0.0,0.0,0.0,0.07253292,0.10733783,0.0,0.19157127,0.0,0.0,0.0,0.015146665,0.0,0.0,0.0141179515,0.016465904,0.029816147,0.01682061,0.0,0.0,0.0,0.0,0.0,0.0,0.0075395196,0.0077635157,0.09062877,0.09524786,0.005519586,0.0,0.0,0.0,0.00056540855,0.0019746744,0.04667134,0.04752572,0.03675538,0.03553589,0.0,0.0,0.08348346,0.0,0.0,0.010554757,0.004595675,0.00563053,0.068318225,0.04755419,1.6666667e-10
0.06854423,0.101219155,0.23609214,0.0,0.0,0.0,0.0,0.0685128,0.102468885,0.0,0.18875937,0.0,0.0,0.0,0.01479195,0.0,0.0,0.013775957,0.01619682,0.029344566,0.016819382,0.0,0.0,0.0,0.0,0.0,0.0,0.0072589666,0.0074624424,0.09009349,0.09474623,0.005293886,0.0,0.0,0.0,0.0004667459,0.0018631958,0.045954637,0.046854876,0.03611857,0.034888767,0.0,0.0,0.08322727,0.0,0.0,0.010686501,0.004235533,0.0052123144,0.06690054,0.046234053,1.8333333e-10
0.06506003,0.096865855,0.23342186,0.0,0.0,0.0,0.0,0.065028645,0.098060586,0.0,0.18628861,0.0,0.0,0.0,0.014475149,0.0,0.0,0.013477437,0.015964665,0.028924394,0.0168062,0.0,0.0,0.0,0.0,0.0,0.0,0.0070105293,0.0071963593,0.08962402,0.094312035,0.0050933366,0.0,0.0,0.0,0.00037593485,0.0017583024,0.04537389,0.04631248,0.03552906,0.034295104,0.0,0.0,0.08299383,0.0,0.0,0.010805644,0.0039073257,0.004830867,0.06563301,0.045056116,2e-10
0.062416844,0.09339278,0.2318162,0.0,0.0,0.0,0.0,0.06238518,0.094546825,0.0,0.1848227,0.0,0.0,0.0,0.014191406,0.0,0.0,0.013211512,0.015761504,0.028556066,0.01678597,0.0,0.0,0.0,0.0,0.0,0.0,0.0067905574,0.006961382,0.089223154,0.09394838,0.004913558,0.0,0.0,0.0,0.00029620502,0.0016638793,0.044887226,0.045855865,0.034995425,0.033754826,0.0,0.0,0.082785174,0.0,0.0,0.010913294,0.0036104827,0.004483257,0.064534694,0.044002336,2e-10
0.060449395,0.09086565,0.2303604,0.0,0.0,0.0,0.0,0.06041756,0.09198894,0.0,0.1834927,0.0,0.0,0.0,0.013937427,0.0,0.0,0.012975561,0.015585186,0.028229734,0.01676053,0.0,0.0,0.0,0.0,0.0,0.0,0.0065951697,0.006752412,0.088902384,0.09365841,0.004751029,0.0,0.0,0.0,0.00021915474,0.0015736189,0.044469416,0.045463014,0.03451016,0.033261392,0.0,0.0,0.08260238,0.0,0.0,0.0110057555,0.0033453244,0.004170408,0.063695386,0.04316645,2.1666667e-10
0.05898038,0.089100316,0.22955562,0.0,0.0,0.0,0.0,0.05894862,0.09020318,0.0,0.18277127,0.0,0.0,0.0,0.01370797,0.0,0.0,0.012756832,0.015423307,0.027932504,0.016718458,0.0,0.0,0.0,0.0,0.0,0.0,0.006419912,0.006565439,0.08864027,0.09342301,0.0046002115,0.0,0.0,0.0,0.00014993161,0.0014852155,0.044108074,0.045122374,0.034071054,0.032814648,0.0,0.0,0.08243026,0.0,0.0,0.011078986,0.0031045773,0.0038860564,0.062965505,0.042429086,2.3333332e-10
0.057732344,0.0877372,0.22901188,0.0,0.0,0.0,0.0,0.05770074,0.088824674,0.0,0.18228772,0.0,0.0,0.0,0.013509672,0.0,0.0,0.012548972,0.015271856,0.027664244,0.016660461,0.0,0.0,0.0,0.0,0.0,0.0,0.006263761,0.006398987,0.08846818,0.09327609,0.0044634445,0.0,0.0,0.0,9.66775e-05,0.0013977273,0.043809567,0.044841737,0.03368932,0.032426473,0.0,0.0,0.08226878,0.0,0.0,0.011135099,0.0028890832,0.0036337879,0.06230705,0.041758806,2.5e-10
0.056811374,0.08682648,0.22885926,0.0,0.0,0.0,0.0,0.05677998,0.087904595,0.0,0.18217033,0.0,0.0,0.0,0.013325003,0.0,0.0,0.012339742,0.015114399,0.027388152,0.016585445,0.0,0.0,0.0,0.0,0.0,0.0,0.0061179097,0.00624261,0.08834236,0.093167685,0.004332026,0.0,0.0,0.0,5.5235916e-05,0.0013062096,0.04351816,0.044567462,0.03331801,0.03205186,0.0,0.0,0.082069315,0.0,0.0,0.01117349,0.0026825853,0.003396112,0.061673123,0.04111833,2.6666666e-10
0.05617127,0.08621942,0.22891705,0.0,0.0,0.0,0.0,0.056139898,0.08729199,0.0,0.18225132,0.0,0.0,0.0,0.013152446,0.0,0.0,0.012126263,0.014948636,0.027107995,0.016488202,0.0,0.0,0.0,0.0,0.0,0.0,0.005984042,0.0060988492,0.08824639,0.09307903,0.0042066653,0.0,0.0,0.0,2.58958e-05,0.001215728,0.043236647,0.044299938,0.032961797,0.03169453,0.0,0.0,0.08183974,0.0,0.0,0.011192078,0.0024831581,0.0031701005,0.06104752,0.04049656,2.8333333e-10
0.055655777,0.08561445,0.2290798,0.0,0.0,0.0,0.0,0.055624325,0.08668196,0.0,0.18242952,0.0,0.0,0.0,0.012983013,0.0,0.0,0.011904156,0.014766218,0.026800608,0.016350774,0.0,0.0,0.0,0.0,0.0,0.0,0.005855164,0.0059598987,0.08812669,0.092954494,0.004082238,0.0,0.0,0.0,6.0494167e-06,0.001114786,0.04292852,0.044003762,0.032596663,0.031331155,0.0,0.0,0.08157494,0.0,0.0,0.011182855,0.0022833224,0.0029476283,0.060361158,0.039857224,3e-10
0.055189077,0.08505963,0.22918807,0.0,0.0,0.0,0.0,0.05515738,0.08612234,0.0,0.18255126,0.0,0.0,0.0,0.012812266,0.0,0.0,0.011668307,0.014558958,0.02644772,0.016182408,0.0,0.0,0.0,0.0,0.0,0.0,0.005724434,0.005818437,0.08797335,0.092787415,0.0039573237,0.0,0.0,0.0,0.0,0.0010057704,0.042574707,0.043661244,0.03220119,0.03093818,0.0,0.0,0.081280395,0.0,0.0,0.011155325,0.0020851947,0.0027291875,0.05962945,0.03919073,2.8333333e-10
0.054761425,0.08457936,0.2288439,0.0,0.0,0.0,0.0,0.054729436,0.08563604,0.0,0.18224035,0.0,0.0,0.0,0.012632685,0.0,0.0,0.011418412,0.014323361,0.026040874,0.016010987,0.0,0.0,0.0,0.0,0.0,0.0,0.0055793375,0.0056601968,0.087763906,0.09255433,0.0038249162,0.0,0.0,0.0,0.0,0.0008881297,0.042140253,0.043239955,0.03175041,0.030492168,0.0,0.0,0.08093739,0.0,0.0,0.011125896,0.0018781534,0.00250456,0.05887197,0.03850491,2.6666666e-10
0.0543795,0.08405193,0.22832054,0.0,0.0,0.0,0.0,0.05434721,0.085101396,0.0,0.18176064,0.0,0.0,0.0,0.012432827,0.0,0.0,0.011153352,0.0140571315,0.02556771,0.015831586,0.0,0.0,0.0,0.0,0.0,0.0,0.0054166154,0.005481549,0.087475136,0.0922261,0.003679499,0.0,0.0,0.0,0.0,0.00075877836,0.041607767,0.042721353,0.031224879,0.029972179,0.0,0.0,0.0805455,0.0,0.0,0.011090091,0.0016575868,0.0022669667,0.058083106,0.037792288,2.6666666e-10
0.053991485,0.08338418,0.2276936,0.0,0.0,0.0,0.0,0.05395892,0.08442471,0.0,0.18118443,0.0,0.0,0.0,0.012233247,0.0,0.0,0.010890047,0.013788116,0.025091875,0.01565909,0.0,0.0,0.0,0.0,0.0,0.0,0.0052505773,0.0052977228,0.08718517,0.091884755,0.0035297333,0.0,0.0,0.0,0.0,0.0006244302,0.041066013,0.042194057,0.030692883,0.029444112,0.0,0.0,0.08014135,0.0,0.0,0.01105563,0.0014311582,0.002025045,0.057290297,0.037069578,2.6666666e-10
0.053565543,0.08237564,0.22750928,0.0,0.0,0.0,0.0,0.053532686,0.0834059,0.0,0.18103227,0.0,0.0,0.0,0.012042656,0.0,0.0,0.01063719,0.013528176,0.024634402,0.015503435,0.0,0.0,0.0,0.0,0.0,0.0,0.005084415,0.0051130825,0.08692238,0.09156585,0.0033804588,0.0,0.0,0.0,0.0,0.000487585,0.040542226,0.041686136,0.030174054,0.02892751,0.0,0.0,0.0797342,0.0,0.0,0.011026056,0.0012042499,0.0017842964,0.056500368,0.03634188,2.6666666e-10
0.05310538,0.08130306,0.22751349,0.0,0.0,0.0,0.0,0.053072263,0.08232327,0.0,0.181059,0.0,0.0,0.0,0.011867107,0.0,0.0,0.010401166,0.013285387,0.024207678,0.015379042,0.0,0.0,0.0,0.0,0.0,0.0,0.0049224924,0.004932576,0.086714424,0.09130021,0.0032353094,0.0,0.0,0.0,0.0,0.00035466827,0.040053833,0.04121498,0.029675312,0.02843,0.0,0.0,0.07934481,0.0,0.0,0.01100975,0.0009824018,0.0015503203,0.055763274,0.035630643,2.6666666e-10
0.05247601,0.08032901,0.22784461,0.0,0.0,0.0,0.0,0.05244266,0.0813415,0.0,0.1813914,0.0,0.0,0.0,0.011705629,0.0,0.0,0.010182618,0.013063188,0.023822587,0.0152809555,0.0,0.0,0.0,0.0,0.0,0.0,0.004768696,0.004760952,0.086551525,0.09108376,0.0030939307,0.0,0.0,0.0,0.0,0.00023672808,0.039610118,0.040789776,0.029211055,0.027967026,0.0,0.0,0.07898269,0.0,0.0,0.011001773,0.00076276256,0.0013213778,0.055063304,0.034943983,2.8333333e-10
0.05174408,0.079321176,0.22823527,0.0,0.0,0.0,0.0,0.051710524,0.080325924,0.0,0.18177952,0.0,0.0,0.0,0.011560381,0.0,0.0,0.009982821,0.012863279,0.023478735,0.015194089,0.0,0.0,0.0,0.0,0.0,0.0,0.004626927,0.0046029873,0.086428404,0.09091567,0.0029588686,0.0,0.0,0.0,0.0,0.00014171262,0.0392217,0.040420115,0.028787458,0.027544253,0.0,0.0,0.07865561,0.0,0.0,0.010994304,0.00055310066,0.0011042906,0.054382287,0.034272842,3e-10
0.05095921,0.07829071,0.22835608,0.0,0.0,0.0,0.0,0.05092541,0.079286456,0.0,0.18190706,0.0,0.0,0.0,0.011434383,0.0,0.0,0.009805012,0.012692566,0.023201315,0.015111809,0.0,0.0,0.0,0.0,0.0,0.0,0.0045068897,0.0044696354,0.086328074,0.09078132,0.002833857,0.0,0.0,0.0,0.0,7.560685e-05,0.038915988,0.04013284,0.02843025,0.027185602,0.0,0.0,0.078368746,0.0,0.0,0.010988104,0.00037412523,0.0009038981,0.0537464,0.033642936,2.8333333e-10
0.050168175,0.07764036,0.22836325,0.0,0.0,0.0,0.0,0.050134126,0.07863019,0.0,0.18191768,0.0,0.0,0.0,0.011309469,0.0,0.0,0.009636194,0.012531647,0.022959288,0.015038515,0.0,0.0,0.0,0.0,0.0,0.0,0.004391382,0.004343182,0.08616976,0.0905962,0.002707507,0.0,0.0,0.0,0.0,3.33326e-05,0.0386344,0.03986793,0.028112693,0.026864601,0.0,0.0,0.07808287,0.0,0.0,0.010984465,0.00023474851,0.00071539584,0.053156525,0.03305717,2.6666666e-10
0.049390186,0.07744129,0.22765829,0.0,0.0,0.0,0.0,0.049355835,0.0784265,0.0,0.18124267,0.0,0.0,0.0,0.011187036,0.0,0.0,0.009474291,0.012379581,0.02275267,0.014955745,0.0,0.0,0.0,0.0,0.0,0.0,0.004281762,0.004223785,0.08595963,0.09035633,0.0025796643,0.0,0.0,0.0,0.0,7.6251667e-06,0.038380243,0.039626263,0.027844965,0.026589163,0.0,0.0,0.0778418,0.0,0.0,0.010971722,0.00012872204,0.0005424387,0.052626822,0.032524906,2.5e-10
0.04858332,0.07715615,0.2270487,0.0,0.0,0.0,0.0,0.048548255,0.0781363,0.0,0.1806627,0.0,0.0,0.0,0.011069613,0.0,0.0,0.009326004,0.012246392,0.022607278,0.014867469,0.0,0.0,0.0,0.0,0.0,0.0,0.004187226,0.0041223443,0.085703574,0.090070784,0.0024550573,0.0,0.0,0.0,0.0,0.0,0.038179398,0.039432954,0.027638521,0.026369898,0.0,0.0,0.07766752,0.0,0.0,0.010952488,5.5748482e-05,0.0003849347,0.05216549,0.03205456,2.5e-10
0.047884993,0.0768956,0.22655815,0.0,0.0,0.0,0.0,0.047848616,0.07787137,0.0,0.18019494,0.0,0.0,0.0,0.01095375,0.0,0.0,0.009186454,0.012127067,0.022517046,0.014765065,0.0,0.0,0.0,0.0,0.0,0.0,0.004109105,0.004039927,0.085391015,0.089724004,0.0023340404,0.0,0.0,0.0,0.0,0.0,0.038036928,0.039291937,0.027498204,0.026211249,0.0,0.0,0.07751604,0.0,0.0,0.010925346,1.244025e-05,0.00025177447,0.05176158,0.031643804,2.6666666e-10
0.046733182,0.07651545,0.22639698,0.0,0.0,0.0,0.0,0.046694513,0.07748708,0.0,0.18004131,0.0,0.0,0.0,0.010842287,0.0,0.0,0.0090548,0.012021883,0.022492444,0.01465415,0.0,0.0,0.0,0.0,0.0,0.0,0.0040469114,0.003976351,0.08504007,0.08933722,0.0022206262,0.0,0.0,0.0,0.0,0.0,0.037954956,0.039205346,0.027426407,0.026114233,0.0,0.0,0.077415384,0.0,0.0,0.01089422,0.0,0.00014941461,0.051407084,0.03128154,2.8333333e-10
0.045388207,0.0763404,0.22632575,0.0,0.0,0.0,0.0,0.045347273,0.07731016,0.0,0.17996891,0.0,0.0,0.0,0.010735505,0.0,0.0,0.008934363,0.011934072,0.02254156,0.014548857,0.0,0.0,0.0,0.0,0.0,0.0,0.003997055,0.0039287703,0.08464705,0.08891389,0.0021126394,0.0,0.0,0.0,0.0,0.0,0.037933916,0.03917362,0.027428024,0.026085341,0.0,0.0,0.07733906,0.0,0.0,0.010864701,0.0,7.549813e-05,0.05110033,0.030968932,3.1666667e-10
0.043929327,0.07597294,0.22632559,0.0,0.0,0.0,0.0,0.043886084,0.076939374,0.0,0.17996435,0.0,0.0,0.0,0.010641298,0.0,0.0,0.008829848,0.01186961,0.022658516,0.014426365,0.0,0.0,0.0,0.0,0.0,0.0,0.003972567,0.0039107804,0.084263526,0.08850295,0.0020176454,0.0,0.0,0.0,0.0,0.0,0.037994556,0.039218526,0.027498782,0.026120875,0.0,0.0,0.07729072,0.0,0.0,0.010825438,0.0,3.10823e-05,0.050830435,0.030697875,3.5e-10
0.042380154,0.07510776,0.22647469,0.0,0.0,0.0,0.0,0.04233477,0.076066874,0.0,0.18011244,0.0,0.0,0.0,0.010542441,0.0,0.0,0.008737682,0.011816112,0.022799714,0.014302003,0.0,0.0,0.0,0.0,0.0,0.0,0.003955823,0.0039033478,0.0838329,0.088050604,0.0019273006,0.0,0.0,0.0,0.0,0.0,0.038055453,0.039263938,0.02757463,0.026161613,0.0,0.0,0.07720888,0.0,0.0,0.01078354,0.0,6.01045e-06,0.05055773,0.030431276,3.5e-10
0.040822603,0.074364394,0.22637704,0.0,0.0,0.0,0.0,0.040776297,0.07531639,0.0,0.18001598,0.0,0.0,0.0,0.010442182,0.0,0.0,0.008656754,0.011772706,0.022970792,0.014199406,0.0,0.0,0.0,0.0,0.0,0.0,0.0039320285,0.0038904478,0.08334531,0.087550126,0.0018355227,0.0,0.0,0.0,0.0,1.4970667e-06,0.03811018,0.039305605,0.027665626,0.026216788,0.0,0.0,0.077048294,0.0,0.0,0.010748694,0.0,0.0,0.05028658,0.030165376,3.3333333e-10
0.039287493,0.07345387,0.22604892,0.0,0.0,0.0,0.0,0.039241314,0.07439634,0.0,0.17970416,0.0,0.0,0.0,0.01032908,0.0,0.0,0.008585581,0.011731256,0.023131229,0.014119627,0.0,0.0,0.0,0.0,0.0,0.0,0.0038883307,0.003857225,0.08267951,0.08686596,0.0017354687,0.0,0.0,0.0,0.0,1.4970667e-06,0.038094617,0.039280046,0.02771902,0.026237171,0.0,0.0,0.07682868,0.0,0.0,0.010715335,0.0,0.0,0.050001703,0.029879412,2.8333333e-10
0.038172916,0.07238299,0.2258817,0.0,0.0,0.0,0.0,0.038128987,0.07331503,0.0,0.17954889,0.0,0.0,0.0,0.010211991,0.0,0.0,0.008540265,0.011713451,0.023312688,0.014045974,0.0,0.0,0.0,0.0,0.0,0.0,0.0038404185,0.003821103,0.08195233,0.08612179,0.0016346292,0.0,0.0,0.0,0.0,1.4970667e-06,0.03805483,0.03922986,0.027782358,0.026268732,0.0,0.0,0.07656488,0.0,0.0,0.010662019,0.0,0.0,0.049729027,0.029598054,2.3333332e-10
0.036649913,0.07097455,0.22646725,0.0,0.0,0.0,0.0,0.036610134,0.07189583,0.0,0.18011527,0.0,0.0,0.0,0.0100915,0.0,0.0,0.008512036,0.011705036,0.02346908,0.013974525,0.0,0.0,0.0,0.0,0.0,0.0,0.0037821042,0.003773989,0.081193574,0.08535232,0.0015348071,0.0,0.0,0.0,0.0,1.4970667e-06,0.037959136,0.03912698,0.02781176,0.026269224,0.0,0.0,0.07627833,0.0,0.0,0.010593992,0.0,0.0,0.049437452,0.029288713,1.8333333e-10
0.034337167,0.069299,0.22804883,0.0,0.0,0.0,0.0,0.0343026,0.070210524,0.0,0.1816315,0.0,0.0,0.0,0.009964391,0.0,0.0,0.008490843,0.011691928,0.02357239,0.01390496,0.0,0.0,0.0,0.0,0.0,0.0,0.003701698,0.003702536,0.080392845,0.084547915,0.0014352849,0.0,0.0,0.0,0.0,1.4970667e-06,0.037771255,0.038933337,0.027781041,0.026214425,0.0,0.0,0.076018795,0.0,0.0,0.010513193,0.0,0.0,0.049106434,0.028931249,1.1666666e-10
0.0315861,0.06734843,0.23116183,0.0,0.0,0.0,0.0,0.03155717,0.068252794,0.0,0.18460518,0.0,0.0,0.0,0.0098389285,0.0,0.0,0.008474021,0.011674876,0.023634296,0.013838921,0.0,0.0,0.0,0.0,0.0,0.0,0.003606791,0.0036146494,0.079582095,0.0837394,0.0013384875,0.0,0.0,0.0,0.0,1.4970667e-06,0.03752947,0.03868536,0.027702939,0.026115822,0.0,0.0,0.075802766,0.0,0.0,0.010427162,0.0,0.0,0.048739932,0.02852894,8.333333e-11
0.02862806,0.065147,0.23475456,0.0,0.0,0.0,0.0,0.028603997,0.06604326,0.0,0.18804337,0.0,0.0,0.0,0.009708325,0.0,0.0,0.008453944,0.011643645,0.023619996,0.01373613,0.0,0.0,0.0,0.0,0.0,0.0,0.0035051755,0.0035181565,0.07876473,0.08292158,0.0012444421,0.0,0.0,0.0,0.0,0.0,0.037219144,0.038366415,0.027555956,0.025952943,0.0,0.0,0.07562891,0.0,0.0,0.01031462,0.0,0.0,0.048325382,0.02807798,5e-11
0.025584819,0.06253636,0.23872769,0.0,0.0,0.0,0.0,0.025565319,0.063421436,0.0,0.19185165,0.0,0.0,0.0,0.009590281,0.0,0.0,0.008440132,0.011614665,0.023582287,0.013616987,0.0,0.0,0.0,0.0,0.0,0.0,0.0034097333,0.0034285833,0.07808861,0.08226129,0.0011633355,0.0,0.0,0.0,0.0,0.0,0.03690482,0.038044147,0.027383992,0.02576793,0.0,0.0,0.075501926,0.0,0.0,0.010192907,0.0,0.0,0.047884814,0.02759987,3.3333333e-11
0.022561528,0.05969102,0.2421366,0.0,0.0,0.0,0.0,0.022545433,0.060560364,0.0,0.19513755,0.0,0.0,0.0,0.009472728,0.0,0.0,0.008412333,0.01156105,0.023474148,0.013481957,0.0,0.0,0.0,0.0,0.0,0.0,0.0033067511,0.0033288477,0.07744184,0.08162243,0.0010845595,0.0,0.0,0.0,0.0,0.0,0.03653783,0.037671532,0.027139422,0.025513012,0.0,0.0,0.07538579,0.0,0.0,0.010074217,0.0,0.0,0.047410347,0.027084645,1.6666666e-11
0.02012269,0.056899738,0.24459946,0.0,0.0,0.0,0.0,0.020108106,0.05775038,0.0,0.1975332,0.0,0.0,0.0,0.009351443,0.0,0.0,0.008365689,0.011479498,0.023303015,0.013321988,0.0,0.0,0.0,0.0,0.0,0.0,0.0031948406,0.003217535,0.07680262,0.08097736,0.001003304,0.0,0.0,0.0,0.0,0.0,0.036121562,0.03724868,0.026835974,0.025201991,0.0,0.0,0.075275496,0.0,0.0,0.00995056,0.0,0.0,0.046912637,0.026543466,0.0
0.018643217,0.054401793,0.24552599,0.0,0.0,0.0,0.0,0.01862909,0.05523121,0.0,0.1984684,0.0,0.0,0.0,0.009222916,0.0,0.0,0.008309081,0.011383688,0.02309955,0.013150308,0.0,0.0,0.0,0.0,0.0,0.0,0.0030805417,0.003102147,0.07615632,0.0803113,0.0009189031,0.0,0.0,0.0,0.0,0.0,0.035681594,0.03680198,0.026501996,0.024862431,0.0,0.0,0.07513083,0.0,0.0,0.009823951,0.0,0.0,0.04643328,0.02601887,0.0
0.018921882,0.053951222,0.24326126,0.0,0.0,0.0,0.0,0.018905658,0.054768637,0.0,0.19632901,0.0,0.0,0.0,0.009084188,0.0,0.0,0.0082423715,0.011275023,0.022869745,0.012959659,0.0,0.0,0.0,0.0,0.0,0.0,0.0029646016,0.0029836583,0.075489506,0.07950874,0.00082604936,0.0,0.0,0.0,0.0,0.0,0.035221405,0.036330227,0.026155625,0.024512356,0.0,0.0,0.07495287,0.0,0.0,0.009680907,0.0,0.0,0.046021454,0.025562055,0.0
0.027868252,0.06120607,0.2367715,0.0,0.0,0.0,0.0,0.02784882,0.06206433,0.0,0.19000319,0.0,0.0,0.0,0.008931715,0.0,0.0,0.008162127,0.011151656,0.022615304,0.012765869,0.0,0.0,0.0,0.0,0.0,0.0,0.002842109,0.0028573505,0.07448052,0.0781984,0.0007225176,0.0,0.0,0.0,0.0,0.0,0.034735322,0.03582498,0.025814092,0.024171505,0.0,0.0,0.074773625,0.0,0.0,0.009522077,0.0,0.0,0.04572567,0.025221031,0.0
0.043662913,0.082632564,0.22615077,0.0,0.0,0.0,0.0,0.043631673,0.08362429,0.0,0.17946921,0.0,0.0,0.0,0.008764634,0.0,0.0,0.008067091,0.011015957,0.022343565,0.012591373,0.0,0.0,0.0,0.0,0.0,0.0,0.0027178274,0.0027272191,0.07320762,0.07649138,0.0006186075,0.0,0.0,0.0,0.0,0.0,0.034225706,0.035281345,0.025514098,0.023879109,0.0,0.0,0.07465078,0.0,0.0,0.009341917,0.0,0.0,0.046236757,0.02552363,0.0
0.070893385,0.11582329,0.21226175,0.0,0.0,0.0,0.0,0.07085379,0.11700493,0.0,0.1656024,0.0,0.0,0.0,0.008588093,0.0,0.0,0.007972065,0.010886611,0.022073906,0.012485763,0.0,0.0,0.0,0.0,0.0,0.0,0.0026114737,0.0026160744,0.07183957,0.07464538,0.0005451926,0.0,0.0,0.0,0.0,0.0,0.033706214,0.034713224,0.025270347,0.023654763,0.0,0.0,0.0746369,0.0,0.0,0.009152343,0.0,0.0,0.048711516,0.027431438,3.3333333e-11
0.11092486,0.1558527,0.19367157,0.0,0.0,0.0,0.0,0.11087165,0.15721267,0.0,0.1471334,0.0,0.0,0.0,0.00840947,0.0,0.0,0.007896776,0.010786898,0.021840548,0.012504068,0.0,0.0,0.0,0.0,0.0,0.0,0.0025401523,0.0025422121,0.07045182,0.072761044,0.0005246778,0.0,0.0,0.0,0.0,0.0,0.03320653,0.034152146,0.025113823,0.023523504,0.0,0.0,0.0747415,0.0,0.0,0.008972415,0.0,0.0,0.05285997,0.030747846,1e-10
0.15522644,0.20067884,0.16615003,0.0,0.0,0.0,0.0,0.15515873,0.20212002,0.0,0.12028936,0.0,0.0,0.0,0.008233613,0.0,0.0,0.007843227,0.010715622,0.021648755,0.012795641,0.0,0.0,0.0,0.0,0.0,0.0,0.002502978,0.0025052023,0.06909738,0.070914924,0.0005704443,0.0,0.0,0.0,0.0,1.8633817e-05,0.032719012,0.033594333,0.025045736,0.023484005,0.0,0.0,0.07499498,0.0,0.0,0.0088252835,0.0,2.729885e-05,0.058455583,0.03543196,2e-10
0.20043682,0.24647938,0.13054818,0.0,0.0,0.0,0.0,0.20035931,0.24786499,0.0,0.08962752,0.0,0.0,0.0,0.008072577,0.0,0.0,0.007824654,0.010691134,0.021556808,0.013452195,0.0,0.0,0.0,0.0,0.0,0.0,0.0025103258,0.0025197975,0.06782621,0.06929157,0.0007044956,0.0,0.0,0.0,0.0,0.00027395037,0.032293834,0.033096388,0.025125384,0.023599414,0.0,0.0,0.07539644,0.0,0.0,0.00873503,9.3954586e-05,0.00023538625,0.06496098,0.041114364,3.1666667e-10
0.23150027,0.2825938,0.09593885,0.0,0.0,0.0,0.0,0.2314331,0.28382382,0.00016239044,0.062723115,0.0,0.0,0.0,0.007927873,0.0,0.0,0.007840513,0.010711222,0.02156959,0.014322937,0.0,0.0,0.0,0.0,0.0,0.0,0.0025549775,0.0025793144,0.06693085,0.06825836,0.00091861235,0.0,0.0,0.0,7.762684e-06,0.00066370703,0.031929825,0.032665007,0.02532535,0.023840481,0.0,0.0,0.07589795,0.0,0.0,0.008706248,0.00028892077,0.0005680473,0.0718123,0.047178045,4.3333334e-10
0.25167635,0.3022942,0.06507192,0.0,0.0,0.0,0.0,0.2516157,0.30321446,0.0051995055,0.03964802,0.0,0.0,0.0,0.007801311,0.0,0.0,0.007886984,0.010772267,0.021700596,0.015319272,0.0,0.0,0.0,0.0,0.0,0.0,0.00263565,0.002682716,0.06635091,0.06772578,0.0011990789,0.0,0.0,0.0,0.00011384047,0.0011612094,0.031657938,0.032332927,0.025630489,0.024188945,0.0,0.0,0.07655129,0.0,0.0,0.008744279,0.00058339216,0.0010157719,0.07816306,0.052955303,5.333333e-10
0.2559583,0.3069657,0.03775418,0.0061616846,0.0,0.0,0.0,0.25590762,0.30736104,0.023791501,0.020157149,0.0,0.0,0.0,0.0076890104,0.0,0.0,0.007944341,0.010855991,0.021942118,0.016376102,0.0,0.0,0.0,0.0,0.0,0.0,0.0027332827,0.00280953,0.06592014,0.06746595,0.001509413,0.0,0.0,0.0,0.0003133239,0.001757768,0.031499367,0.032125093,0.026026051,0.024631439,0.0,0.0,0.077259056,0.0,0.0,0.00884952,0.00096445676,0.0015681661,0.08274688,0.05739746,6.1666666e-10
0.24062276,0.29984003,0.0155120455,0.029606191,0.0,0.0,0.0,0.24057858,0.29955184,0.06008313,0.0056133703,0.0,0.0,0.0,0.0075767133,0.0,0.0,0.007979629,0.010931759,0.022257797,0.017393919,0.0,0.0,0.0,0.0,0.0,0.0,0.0028215267,0.0029305688,0.06555392,0.06736756,0.001803576,0.0,0.0,0.0,0.0005554672,0.0024005969,0.031443987,0.03203103,0.026487278,0.02515233,0.0,0.0,0.07797154,0.0,0.0,0.008985653,0.0014064786,0.0022051255,0.08572484,0.060581084,6.5e-10
0.21793753,0.2814433,0.0027880531,0.0655611,0.0,0.0,0.0,0.21790032,0.2805095,0.10893873,0.0,0.0,0.0,0.0,0.007459054,0.0,0.0,0.007978713,0.010990829,0.022629404,0.018173603,0.0,0.0,0.0,0.0,0.0,0.0,0.0028940635,0.0030367575,0.06524185,0.06738907,0.0020463231,0.0,0.0,0.0,0.0008040983,0.0030337572,0.03150883,0.032063417,0.026996946,0.025736053,0.0,0.0,0.07865038,0.0,0.0,0.009109482,0.0018984734,0.002894715,0.08721477,0.062458836,6.3333333e-10
0.19005767,0.2565196,0.0,0.105730474,0.0,0.0,0.0,0.1900209,0.25508004,0.161967,0.0,0.0,0.0,0.0,0.007327677,0.0,0.0,0.007929544,0.011017277,0.022987662,0.01857698,0.0,0.0,0.0,0.0,0.0,0.0,0.00294216,0.0031131473,0.06499188,0.06750066,0.0022146087,0.0,0.0,0.0,0.0010239594,0.003402423,0.031659763,0.03218438,0.027487306,0.02630839,0.0,0.0,0.07929937,0.0,0.0,0.009177651,0.002339414,0.0034783597,0.08750523,0.06330824,5.833333e-10
0.16490245,0.23186883,0.0,0.1441991,0.0,0.0,0.0,0.16484325,0.23000808,0.2131134,0.0,0.0,0.0,0.0,0.007184277,0.0,0.0,0.007832511,0.011011191,0.023312032,0.01870269,0.0,0.0,0.0,0.0,0.0,0.0,0.0029714426,0.003162762,0.06483543,0.06769691,0.0023019402,0.0,0.0,0.0,0.0011668582,0.003566266,0.031902913,0.032392997,0.027962223,0.026868945,0.0,0.0,0.07989693,0.0,0.0,0.009168393,0.0026959335,0.0039833235,0.086485155,0.06342316,5e-10
0.1426054,0.20787127,0.0,0.17896663,0.0,0.0,0.0,0.14253627,0.20570603,0.25561178,0.0,0.0,0.0,0.0,0.0070225196,0.0,0.0,0.0076883226,0.010966049,0.023557367,0.018596325,0.0,0.0,0.0,0.0,0.0,0.0,0.0029689241,0.003172059,0.06471185,0.06791032,0.0022963558,0.0,0.0,0.0,0.001132662,0.0035393268,0.032181196,0.03263713,0.028381864,0.027375532,0.0,0.0,0.080329776,0.0,0.0,0.00907053,0.0029628496,0.0044076787,0.08461493,0.062979855,4.1666667e-10
0.124222904,0.18665026,0.0,0.20725808,0.0,0.0,0.0,0.12413657,0.18435729,0.28422034,0.0,0.0,0.0,0.0,0.006850418,0.0,0.0,0.007503518,0.010884386,0.02371362,0.01826789,0.0,0.0,0.0,0.0,0.0,0.0,0.002938473,0.0031443853,0.06463774,0.06814309,0.0022056159,0.0,0.0,0.0,0.0009331785,0.0033302496,0.032486,0.032903112,0.028736018,0.027811905,0.0,0.0,0.080698036,0.0,0.0,0.008876714,0.0031483644,0.004754548,0.08226658,0.06216673,3.1666667e-10
0.11232563,0.17099379,0.0,0.21829993,0.0,0.0,0.0,0.11222802,0.16874367,0.29516247,0.0,0.0,0.0,0.0,0.006676052,0.0,0.0,0.0072992207,0.010781145,0.023789389,0.01774365,0.0,0.0,0.0,0.0,0.0,0.0,0.002881339,0.0030822717,0.06460919,0.068386145,0.0020406733,0.0,0.0,0.0,0.00069103524,0.0029585154,0.03279112,0.03316091,0.029014472,0.028163016,0.0,0.0,0.08101899,0.0,0.0,0.008592676,0.0032549622,0.005019128,0.079517044,0.061066866,2.1666667e-10
0.1032702,0.15980147,0.0,0.21526702,0.0,0.0,0.0,0.103160456,0.15768875,0.29190263,0.0,0.0,0.0,0.0,0.0065158852,0.0,0.0,0.0070958547,0.010672425,0.023803553,0.017084645,0.0,0.0,0.0,0.0,0.0,0.0,0.0028105371,0.0030007884,0.064652845,0.06867902,0.0018351299,0.0,0.0,0.0,0.0004424041,0.0024725439,0.033105303,0.033417583,0.029220613,0.028428813,0.0,0.0,0.08169446,0.0,0.0,0.008245439,0.00330362,0.005210616,0.07667313,0.05984918,1.5e-10
0.0970094,0.15252817,0.0,0.21043421,0.0,0.0,0.0,0.096886404,0.15052956,0.28686896,0.0,0.0,0.0,0.0,0.0063628317,0.0,0.0,0.0068899873,0.010548582,0.023756564,0.016353609,0.0,0.0,0.0,0.0,0.0,0.0,0.0027155974,0.002891913,0.064660266,0.06892866,0.0015819335,0.0,0.0,0.0,0.00022254312,0.0018986382,0.03337572,0.03362502,0.029330311,0.028587623,0.0,0.0,0.08244574,0.0,0.0,0.007866578,0.0032744878,0.0053040157,0.07365928,0.058324084,1e-10
0.093742035,0.14782532,0.0,0.21815194,0.0,0.0,0.0,0.093606666,0.14583369,0.29441556,0.0,0.0,0.0,0.0,0.0062205433,0.0,0.0,0.0066970126,0.01042843,0.0236899,0.015633726,0.0,0.0,0.0,0.0,0.0,0.0,0.0025999888,0.0027624716,0.06462078,0.06915012,0.00130244,0.0,0.0,0.0,7.188155e-05,0.0013450386,0.033607602,0.033792786,0.029366888,0.02866636,0.0,0.0,0.08323573,0.0,0.0,0.007483102,0.003202038,0.005339329,0.07129684,0.056902573,8.333333e-11
0.09190321,0.14690591,0.0,0.23758188,0.0,0.0,0.0,0.09174228,0.14480029,0.31381053,0.0,0.0,0.0,0.0,0.006082198,0.0,0.0,0.0065120864,0.010299984,0.02357431,0.014954189,0.0,0.0,0.0,0.0,0.0,0.0,0.0024475758,0.0025953066,0.06434288,0.06928108,0.0010040496,0.0,0.0,0.0,0.0,0.0008744755,0.033735927,0.033860445,0.029284319,0.02862805,0.0,0.0,0.08397237,0.0,0.0,0.0071024755,0.0030992432,0.0053416924,0.06926465,0.055539194,8.333333e-11
0.0924526,0.15000157,0.0,0.2602448,0.0,0.0,0.0,0.09221666,0.14770669,0.33651933,0.0,0.0,0.0,0.0,0.0059415046,0.0,0.0,0.0063411747,0.01017165,0.023429058,0.0143427905,0.0,0.0,0.0,0.0,0.0,0.0,0.0022565008,0.0023887488,0.063938715,0.06929745,0.00070996385,0.0,0.0,0.0,0.0,0.00048699405,0.03374234,0.033810608,0.02909273,0.028489044,0.0,0.0,0.084480606,0.0,0.0,0.0067180423,0.0029554153,0.005305274,0.06731342,0.05416449,1e-10
0.107598364,0.15805627,0.0,0.27941453,0.0,0.0,0.0,0.107280664,0.1555261,0.35576123,0.0,0.0,0.0,0.0,0.005800624,0.0,0.0,0.0061908155,0.010052922,0.023265596,0.013878378,0.0,0.0,0.0,0.0,0.0,0.0,0.00205192,0.0021707949,0.063471854,0.06924492,0.00046955308,0.0,0.0,0.0,0.0,0.00021589923,0.03363864,0.033666544,0.028800337,0.028261779,0.0,0.0,0.08470865,0.0,0.0,0.006354326,0.0027984749,0.005264735,0.06561093,0.052875765,1.3333333e-10
0.1433035,0.18083502,0.0,0.29286745,0.0,0.0,0.0,0.1429428,0.17793973,0.36946976,0.0,0.0,0.0,0.0,0.005666414,0.0,0.0,0.0060950425,0.009994466,0.023234203,0.0136525165,0.0,0.0,0.0,0.0,0.0,0.0,0.0018526929,0.0019680164,0.06299339,0.06923904,0.00026965307,0.0,0.0,0.0,0.0,5.00767e-05,0.0335123,0.033519357,0.028513635,0.02805832,0.0,0.0,0.08449481,0.0,0.0,0.0060166814,0.0026658664,0.0052634585,0.06424319,0.05182007,2e-10
0.19796126,0.21646826,0.0,0.28797033,0.0,0.0,0.0,0.19758591,0.21328865,0.36473915,0.0,0.0,0.0,0.0,0.0055612065,0.0,0.0,0.006090708,0.010043372,0.023411492,0.013909163,0.0,0.0,0.0,0.0,0.0,0.0,0.001688481,0.0018144457,0.06274188,0.069673754,0.00012514016,0.0,0.0,0.0,0.0,0.0,0.03346168,0.0334937,0.028298518,0.027943349,0.0,0.0,0.084173314,0.0,0.0,0.0057183504,0.002614663,0.005363862,0.06387162,0.051655073,3e-10
0.26731253,0.2620531,0.0,0.26284048,0.0,0.0,0.0,0.26691025,0.2587305,0.3395955,0.0,0.0,0.0,0.0,0.005534063,0.0,0.0,0.00622999,0.010493561,0.025841786,0.015156925,0.0,0.0,0.0,0.0,0.0,0.0,0.0015959024,0.0017535374,0.06485998,0.07384262,3.3889268e-05,0.0,0.0,0.0,0.0,0.0,0.035858806,0.03595679,0.0293547,0.029354932,0.0,0.0,0.08509649,0.0,0.0,0.005483359,0.0027026054,0.005808788,0.0666134,0.054606613,4.1666667e-10
0.3590357,0.31041503,0.0,0.22059523,0.0,0.0,0.0,0.3585003,0.3071588,0.29696652,0.0,0.0,0.0,0.0,0.0055856663,0.0,0.0,0.006504451,0.011155072,0.028935924,0.017352758,0.0,0.0,0.0,0.0,0.0,0.0,0.0015959294,0.0018075377,0.067925364,0.07912224,5.2590334e-05,0.0,0.0,0.0,8.597865e-05,0.00018305644,0.03897201,0.039155275,0.030837784,0.031247744,0.0,0.0,0.08732782,0.0,0.0,0.005346013,0.002958282,0.00663096,0.07048572,0.058654048,5.333333e-10
0.4414785,0.3524408,0.0,0.17845923,0.0,0.0,0.0,0.4406977,0.34927437,0.25450718,0.0,0.0,0.0,0.0,0.0057255877,0.0,0.0,0.0069102305,0.011998362,0.032441065,0.019980866,0.0,0.0,0.0,0.0,0.0,0.0,0.0017008742,0.0019902815,0.071532845,0.08505624,0.00017626883,0.0,0.0,0.0,0.00042810757,0.0005687815,0.042555787,0.04283841,0.03265535,0.033493437,0.0,0.0,0.09021322,0.0,0.0,0.005306234,0.003376836,0.007684117,0.07511834,0.06340477,6.1666666e-10
0.4924434,0.38217857,0.0,0.1487077,0.0,0.0,0.0,0.49166185,0.37904608,0.22462401,0.0,0.0,0.0,0.0,0.005934785,0.0,0.0,0.0074245785,0.0129821375,0.036187213,0.022845225,0.0,0.0,0.0,0.0,0.0,0.0,0.0018903763,0.0022775682,0.07541824,0.09129097,0.00034631943,0.0,0.0,0.0,0.0009316232,0.0010888035,0.046421453,0.04680909,0.034707136,0.035969216,0.0,0.0,0.093509935,0.0,0.0,0.005340087,0.003919239,0.0088735,0.08012064,0.06852223,6.6666667e-10
0.5088418,0.39198837,0.0,0.13697319,0.0,0.0,0.0,0.50807047,0.38889226,0.2128145,0.0,0.0,0.0,0.0,0.0061913417,0.0,0.0,0.007993815,0.014031673,0.039977454,0.02576591,0.0,0.0,0.0,0.0,0.0,0.0,0.0021384421,0.0026367265,0.07939883,0.09754042,0.0005665071,0.0,0.0,0.0,0.0015655882,0.0017214209,0.050401986,0.050893687,0.03688064,0.03855181,0.0,0.0,0.09693034,0.0,0.0,0.005433959,0.004535146,0.010128074,0.085088685,0.073663495,6.5e-10
0.49579555,0.3841135,0.0,0.14286463,0.0,0.0,0.0,0.4949896,0.38101217,0.21874538,0.0,0.0,0.0,0.0,0.006464607,0.0,0.0,0.0085601285,0.015072787,0.04365993,0.02840593,0.0,0.0,0.0,0.0,0.0,0.0,0.0024232108,0.003036884,0.08323281,0.10336348,0.00081804895,0.0,0.0,0.0,0.0022720934,0.0024189372,0.05435256,0.05491478,0.039090708,0.0411517,0.0,0.0,0.10027771,0.0,0.0,0.0055599343,0.0051598065,0.011362552,0.08954596,0.078322366,5.833333e-10
0.46081787,0.36144623,0.0,0.15336561,0.0,0.0,0.0,0.46000263,0.3583678,0.22937694,0.0,0.0,0.0,0.0,0.006704109,0.0,0.0,0.009048847,0.015775664,0.04512455,0.030179419,0.0,0.0,0.0,0.0,0.0,0.0,0.0026907013,0.0034094749,0.08474302,0.10540593,0.0010941072,0.0,0.0,0.0,0.0030138157,0.0031506745,0.055843733,0.056438215,0.040095195,0.0422855,0.0,0.0,0.10231271,0.0,0.0,0.005692619,0.005716027,0.012301907,0.09114557,0.08010662,4.833333e-10
0.39436454,0.3284116,0.0,0.17067899,0.0,0.0,0.0,0.39358738,0.32529545,0.24706638,0.0,0.0,0.0,0.0,0.0069134207,0.0,0.0,0.009460476,0.016323028,0.04595553,0.031053046,0.0,0.0,0.0,0.0,0.0,0.0,0.002934813,0.0037457445,0.085534915,0.106332324,0.0013318924,0.0,0.0,0.0,0.0036685453,0.00370069,0.056643832,0.057243913,0.040748242,0.043001298,0.0,0.0,0.103038594,0.0,0.0,0.0057895794,0.006151586,0.012875559,0.09170525,0.08096689,4e-10
0.33042696,0.29463187,0.0,0.18577884,0.0,0.0,0.0,0.32984892,0.29154527,0.26239857,0.0,0.0,0.0,0.0,0.007088203,0.0,0.0,0.0097883595,0.016725942,0.04636325,0.031484712,0.0,0.0,0.0,0.0,0.0,0.0,0.003131634,0.0040172185,0.08588206,0.10661717,0.0015099227,0.0,0.0,0.0,0.004028378,0.004011219,0.05698558,0.05756657,0.04113066,0.04340949,0.0,0.0,0.10324807,0.0,0.0,0.0058474126,0.006484356,0.013238048,0.09151648,0.08122895,3.3333333e-10
0.27932402,0.26366767,0.0,0.19040833,0.0,0.0,0.0,0.2786709,0.26076683,0.26697508,0.0,0.0,0.0,0.0,0.007244483,0.0,0.0,0.010043474,0.017010035,0.046490993,0.031578217,0.0,0.0,0.0,0.0,0.0,0.0,0.003289698,0.0042328495,0.08599966,0.10659087,0.0016453101,0.0,0.0,0.0,0.004163954,0.0041238065,0.05705573,0.0575934,0.041320067,0.043601718,0.0,0.0,0.10327402,0.0,0.0,0.0058708605,0.0067445748,0.0134655265,0.090530775,0.08094393,3e-10
0.23932336,0.23727347,0.0,0.18474355,0.0,0.0,0.0,0.23854585,0.23467427,0.26105693,0.0,0.0,0.0,0.0,0.007379501,0.0,0.0,0.0102275,0.017181093,0.046363927,0.031375643,0.0,0.0,0.0,0.0,0.0,0.0,0.0034001763,0.0043814993,0.08594235,0.106336944,0.0017231278,0.0,0.0,0.0,0.004086129,0.0040409793,0.05689518,0.05737163,0.04131655,0.043585975,0.0,0.0,0.10304056,0.0,0.0,0.0058575254,0.006916136,0.013560693,0.088438034,0.07977075,2.6666666e-10
0.20796525,0.2146871,0.0,0.17709504,0.0,0.0,0.0,0.20707595,0.21237539,0.25316194,0.0,0.0,0.0,0.0,0.0075051095,0.0,0.0,0.010362675,0.01727564,0.04607439,0.030856261,0.0,0.0,0.0,0.0,0.0,0.0,0.0034700418,0.0044754604,0.085781395,0.10597188,0.0017568253,0.0,0.0,0.0,0.0038436137,0.0037983058,0.056622464,0.057022057,0.041180953,0.043428466,0.0,0.0,0.10265499,0.0,0.0,0.005810361,0.007023388,0.013564495,0.085573,0.07793789,2.5e-10
0.18190959,0.19329926,0.0,0.17496999,0.0,0.0,0.0,0.18089318,0.19119968,0.25083658,0.0,0.0,0.0,0.0,0.0076230783,0.0,0.0,0.010461891,0.017317198,0.0456812,0.030139532,0.0,0.0,0.0,0.0,0.0,0.0,0.0035118877,0.0045320014,0.08555517,0.10555395,0.0017493569,0.0,0.0,0.0,0.0034741738,0.0034247213,0.056288406,0.056604497,0.040940497,0.04315577,0.0,0.0,0.10219746,0.0,0.0,0.005731639,0.007077878,0.013496852,0.082210585,0.07562317,2.3333332e-10
0.16345292,0.17658292,0.0,0.17582783,0.0,0.0,0.0,0.16237502,0.17462465,0.25155276,0.0,0.0,0.0,0.0,0.0077378186,0.0,0.0,0.01053635,0.01732887,0.04524296,0.029301299,0.0,0.0,0.0,0.0,0.0,3.49419e-05,0.0035280841,0.0045547094,0.085284814,0.10511279,0.0017028806,0.0,0.0,0.0,0.0030100278,0.0029482422,0.05594523,0.056175463,0.040650737,0.042823255,0.0,0.0,0.10167745,0.0,0.0,0.005622862,0.0070913676,0.013378184,0.07851112,0.07287568,2e-10
0.14914395,0.16245532,0.0,0.1765145,0.0,0.0,0.0,0.14800599,0.16062015,0.2520976,0.0,0.0,0.0,0.0,0.007840601,0.0,0.0,0.010599038,0.017324638,0.044815063,0.028348427,0.0,0.0,0.0,0.0,0.0,0.00017445977,0.0035305251,0.0045590024,0.08498155,0.104638755,0.0016178858,0.0,0.0,0.0,0.00248247,0.002402589,0.05562497,0.055767156,0.04034594,0.042466782,0.0,0.0,0.10110026,0.0,0.0,0.0054806783,0.0070646177,0.013213124,0.07471464,0.06989378,1.6666667e-10
0.13820583,0.15061569,0.0,0.17710084,0.0,0.0,0.0,0.13705564,0.14887975,0.2525748,0.0,0.0,0.0,0.0,0.007938154,0.0,0.0,0.010655294,0.017308824,0.04445386,0.027360981,0.0,0.0,0.0,0.0,0.0,0.00039371807,0.003517868,0.0045456826,0.08465615,0.10415128,0.0014989737,0.0,0.0,0.0,0.0019254572,0.0018222893,0.055365857,0.055423323,0.040064123,0.0421302,0.0,0.0,0.1004421,0.0,0.0,0.005324199,0.0069980356,0.013008891,0.07112566,0.06689772,1.1666666e-10
0.12896034,0.14183232,0.0,0.1791125,0.0,0.0,0.0,0.12780142,0.14016129,0.2545365,0.0,0.0,0.0,0.0,0.008026921,0.0,0.0,0.010705247,0.017285861,0.044158634,0.026373858,0.0,0.0,0.0,0.0,0.0,0.0006633603,0.0034916475,0.0045172386,0.084301524,0.10364563,0.0013507501,0.0,0.0,0.0,0.0013693173,0.0012724987,0.05517058,0.055144683,0.039811183,0.041821092,0.0,0.0,0.09984234,0.0,0.0,0.005154012,0.006898536,0.012774929,0.0681978,0.06435733,8.333333e-11
0.12089958,0.13349144,0.0,0.18123807,0.0,0.0,0.0,0.1197458,0.13188133,0.25657728,0.0,0.0,0.0,0.0,0.008101331,0.0,0.0,0.010739398,0.017246395,0.043882962,0.025499014,0.0,0.0,0.0,0.0,0.0,0.0010101933,0.0034358557,0.004454923,0.083819605,0.10288008,0.0011742209,0.0,0.0,0.0,0.0009053272,0.00081765617,0.054956798,0.054851722,0.03954143,0.041492507,0.0,0.0,0.09932331,0.0,0.0,0.0049828794,0.006776776,0.012524497,0.06575464,0.062158782,5e-11
0.11379332,0.12767541,0.0,0.1833332,0.0,0.0,0.0,0.112653285,0.12610546,0.25862354,0.0,0.0,0.0,0.0,0.008154463,0.0,0.0,0.0107490355,0.017184466,0.04360264,0.02465761,0.0,0.0,0.0,0.0,0.0,0.0014350343,0.0033505696,0.004359276,0.083210915,0.10185717,0.0009691553,0.0,0.0,0.0,0.0005330447,0.0004595033,0.05471939,0.054538306,0.03925645,0.04115062,0.0,0.0,0.09876354,0.0,0.0,0.004802403,0.006631231,0.012260854,0.06355921,0.06014751,3.3333333e-11
0.106867135,0.122994706,0.0,0.1849816,0.0,0.0,0.0,0.105753824,0.12145818,0.26022637,0.0,0.0,0.0,0.0,0.008182192,0.0,0.0,0.010730771,0.017094238,0.04330108,0.023826359,0.0,0.0,0.0,0.0,0.0,0.001895809,0.0032406524,0.004236247,0.08250503,0.10067426,0.00074196036,0.0,0.0,0.0,0.00025648263,0.00020291025,0.054448593,0.054194584,0.038958147,0.04079836,0.0,0.0,0.098163545,0.0,0.0,0.0046107685,0.0064583374,0.011979129,0.061574806,0.05830626,1.6666666e-11
0.099347055,0.11923969,0.0,0.18652412,0.0,0.0,0.0,0.09826139,0.11772926,0.2617468,0.0,0.0,0.0,0.0,0.008183735,0.0,0.0,0.01067959,0.016978161,0.04295487,0.023052165,0.0,0.0,0.0,0.0,0.0,0.0023099682,0.0031032858,0.0040824246,0.08169665,0.09939839,0.0005252466,0.0,0.0,0.0,8.207887e-05,5.2309817e-05,0.054119095,0.053802554,0.038626753,0.040415395,0.0,0.0,0.09751311,0.0,0.0,0.004422708,0.0062628114,0.011684057,0.05975584,0.056598384,0.0
0.09196845,0.11638511,0.0,0.18862514,0.0,0.0,0.0,0.09090471,0.11488891,0.26383892,0.0,0.0,0.0,0.0,0.00814955,0.0,0.0,0.010588823,0.016828127,0.0425033,0.02230627,0.0,0.0,0.0,0.0,0.0,0.0027255882,0.0029324654,0.0038898075,0.080661856,0.097860985,0.00033872065,0.0,0.0,0.0,0.0,0.0,0.05362591,0.053244177,0.03822129,0.039958738,0.0,0.0,0.09674832,0.0,0.0,0.0042348,0.006045598,0.011374449,0.058039,0.054937165,0.0
0.08547775,0.111688055,0.0,0.18816473,0.0,0.0,0.0,0.0844347,0.110237546,0.2633157,0.0,0.0,0.0,0.0,0.008084418,0.0,0.0,0.010466764,0.016646124,0.041877702,0.021588821,0.0,0.0,0.0,0.0,0.0,0.0031766468,0.002734283,0.0036653646,0.07950059,0.096179314,0.00018893891,0.0,0.0,0.0,0.0,0.0,0.05288437,0.05245001,0.03770432,0.039358936,0.0,0.0,0.09587084,0.0,0.0,0.0040503386,0.0058168923,0.011058243,0.05629922,0.05319226,0.0
0.07941962,0.106988244,0.0,0.18685813,0.0,0.0,0.0,0.07839472,0.105587125,0.26194024,0.0,0.0,0.0,0.0,0.007995728,0.0,0.0,0.01032193,0.016437327,0.041170254,0.020895625,0.0,0.0,0.0,0.0,0.0,0.0036144047,0.002523397,0.0034258063,0.0783475,0.094622016,8.022875e-05,0.0,0.0,0.0,0.0,0.0,0.052033592,0.051563177,0.037128173,0.038694646,0.0,0.0,0.09474883,0.0,0.0,0.0038673305,0.005569895,0.010728169,0.054410163,0.051296283,0.0
0.072698176,0.10233533,0.0,0.18460947,0.0,0.0,0.0,0.07168379,0.100988135,0.25960797,0.0,0.0,0.0,0.0,0.007880503,0.0,0.0,0.010152613,0.01619412,0.04015407,0.020223105,0.0,0.0,0.0,0.0,0.0,0.004054351,0.0022992801,0.0031704078,0.07699593,0.092945725,1.6704484e-05,0.0,0.0,0.0,0.0,0.0,0.05081566,0.050351556,0.03635698,0.037812028,0.0,0.0,0.09335712,0.0,0.0,0.0036877308,0.0052931574,0.010370865,0.052134797,0.049021084,0.0
0.06572483,0.097346224,0.0,0.181794,0.0,0.0,0.0,0.06471348,0.09605855,0.25670558,0.0,0.0,0.0,0.0,0.0077476003,0.0,7.4242835e-06,0.009969684,0.015928665,0.039037444,0.019597035,0.0,0.0,0.0,0.0,0.0,0.0045241867,0.0020624842,0.002900233,0.07557492,0.09125291,0.0,0.0,0.0,0.0,0.0,0.0,0.04945863,0.049025528,0.035493802,0.03683379,0.0,0.0,0.091788955,0.0,0.0,0.0035262445,0.0049997936,0.010000359,0.049786337,0.04667296,0.0
0.058557037,0.0929692,0.0,0.17906645,0.0,0.0,0.0,0.057598576,0.09173542,0.2539006,0.0,0.0,0.0,0.0,0.0075975843,0.0,4.1496118e-05,0.009771496,0.015637001,0.03785157,0.019007765,0.0,0.0,0.0,0.0,0.0,0.0050329356,0.0018141142,0.0026162716,0.0740788,0.08948233,0.0,0.0,0.0,0.0,0.0,0.0,0.04801323,0.047625966,0.03455431,0.03578132,0.0,0.0,0.08995397,0.0,0.0,0.0033784006,0.0046777795,0.009605607,0.04717688,0.04409676,0.0
0.051470235,0.08929962,0.0,0.1778245,0.0,0.0,0.0,0.050584283,0.08810537,0.25260448,0.0,0.0,0.0,0.0,0.0074375994,0.0,0.00010011512,0.00956795,0.015335633,0.03665161,0.01845028,0.0,0.0,0.0,0.0,0.0,0.005548287,0.0015639961,0.002329397,0.07269729,0.08787128,0.0,0.0,0.0,0.0,0.0,0.0,0.04658407,0.04626165,0.033583634,0.034702323,0.0,0.0,0.0880733,0.0,0.0,0.0032403853,0.0043328097,0.009193819,0.04457188,0.0415633,0.0
0.04447054,0.086880825,0.0,0.17734003,0.0,0.0,0.0,0.04366788,0.08571065,0.2520979,0.0,0.0,0.0,0.0,0.0072758677,0.0,0.00017750396,0.009365477,0.015037149,0.035542227,0.01792022,0.0,0.0,0.0,0.0,0.0,0.0060474384,0.0013194073,0.0020476556,0.07140337,0.08638504,0.0,0.0,0.0,0.0,0.0,0.0,0.04530348,0.04504777,0.03264286,0.033691216,0.0,0.0,0.08620974,0.0,0.0,0.0031107801,0.003971421,0.008775045,0.042133402,0.039229974,0.0
0.037683588,0.08507689,0.0,0.17778635,0.0,0.0,0.0,0.036973305,0.08392053,0.2525501,0.0,0.0,0.0,0.0,0.007125089,0.0,0.00028341648,0.009190159,0.0147661,0.03452987,0.017419353,0.0,0.0,0.0,0.0,0.0,0.0065307235,0.001091047,0.0017832499,0.07022537,0.08506681,0.0,0.0,0.0,0.0,0.0,0.0,0.04414662,0.043952357,0.031760123,0.0327536,0.0,0.0,0.084533274,0.0,0.0,0.0029831652,0.0036066673,0.008363236,0.03997501,0.03718526,0.0
0.03242342,0.08379712,0.0,0.17814453,0.0,0.0,0.0,0.03181497,0.08265025,0.25291955,0.0,0.0,0.0,0.0,0.006994547,0.0,0.0004063563,0.009052035,0.014538066,0.033857327,0.0169502,0.0,0.0,0.0,0.0,0.0,0.006974659,0.0008889201,0.001547716,0.069398515,0.08418179,0.0,0.0,0.0,0.0,0.0,0.0,0.043392498,0.043227337,0.031086108,0.032057077,0.0,0.0,0.0831213,0.0,0.0,0.0028574564,0.0032552355,0.007974977,0.03836374,0.035692282,0.0
0.02840727,0.082544535,0.0,0.17858773,0.0,0.0,0.0,0.027915688,0.08140662,0.25336757,0.0,0.0,0.0,0.0,0.0068685287,0.0,0.0005302695,0.008929895,0.014330368,0.033278365,0.01648196,0.0,0.0,0.0,0.0,0.0,0.0073924325,0.0007065823,0.0013326146,0.06875726,0.083513625,0.0,0.0,0.0,0.0,0.0,0.0,0.042763952,0.0426141,0.030481149,0.031440992,0.0,0.0,0.0818887,0.0,0.0,0.0027199995,0.0029066436,0.007598264,0.037017666,0.034460854,0.0
0.025839096,0.08060651,0.0,0.17800334,0.0,0.0,0.0,0.025425987,0.079488076,0.25277004,0.0,0.0,0.0,0.0,0.006752247,0.0,0.000638002,0.008827373,0.014149201,0.03277633,0.016024766,0.0,0.0,0.0,0.0,0.0,0.0077901576,0.0005476757,0.001143257,0.06830868,0.08306635,0.0,0.0,0.0,0.0,0.0,0.0,0.04223095,0.04209162,0.029942648,0.030897927,0.0,0.0,0.08091042,0.0,0.0,0.0025763267,0.0025750278,0.007246171,0.035998225,0.0335233,0.0
0.023999225,0.07800026,0.0,0.17642708,0.0,0.0,0.0,0.023646846,0.07691123,0.25116146,0.0,0.0,0.0,0.0,0.0066532632,0.0,0.0007320784,0.008755694,0.013999061,0.032361716,0.015582424,0.0,0.0,0.0,0.0,0.0,0.008165104,0.00041519606,0.0009839637,0.068009295,0.082783684,0.0,0.0,0.0,0.0,0.0,0.0,0.04180095,0.041670755,0.029480485,0.030435914,0.0,0.0,0.08005188,0.0,0.0,0.0024267614,0.0022695197,0.006926576,0.03513657,0.03271709,0.0
0.022493554,0.07489462,0.0,0.17455436,0.0,0.0,0.0,0.022195688,0.0738404,0.24924092,0.0,0.0,0.0,0.0,0.006562803,0.0,0.0008155598,0.008701025,0.0138686225,0.031997416,0.015165998,0.0,0.0,0.0,0.0,0.0,0.008539471,0.00029708107,0.0008417696,0.06778388,0.082581446,0.0,0.0,0.0,0.0,0.0,0.0,0.041421287,0.041303534,0.029060334,0.030019213,0.0,0.0,0.07923618,0.0,0.0,0.0022776856,0.0019844202,0.006632136,0.03435147,0.031976115,0.0
0.0211001,0.07142957,0.0,0.17270154,0.0,0.0,0.0,0.020853126,0.07041316,0.24732986,0.0,0.0,0.0,0.0,0.006471726,0.0,0.0008778192,0.008644231,0.0137408655,0.031633094,0.014769627,0.0,0.0,0.0,0.0,0.0,0.008927229,0.00019656452,0.0007023903,0.06757181,0.08238324,0.0,0.0,0.0,0.0,0.0,0.0,0.041037865,0.0409366,0.028638957,0.029601483,0.0,0.0,0.078435116,0.0,0.0,0.00213281,0.001716224,0.0063583753,0.03359924,0.031258903,0.0
0.019712992,0.067118116,0.0,0.17063019,0.0,0.0,0.0,0.019517956,0.066147126,0.2451925,0.0,0.0,0.0,0.0,0.006381402,0.0,0.0009305567,0.008591941,0.013620309,0.031278424,0.014399224,0.0,0.0,0.0,0.0,0.0,0.0093096085,0.00011408385,0.00056955504,0.067367785,0.082185894,0.0,0.0,0.0,0.0,0.0,0.0,0.04065867,0.040579524,0.028216705,0.029182967,0.0,0.0,0.07762143,0.0,0.0,0.0019961074,0.0014686664,0.0061070723,0.032860283,0.030551933,0.0
0.01845822,0.06302742,0.0,0.1692065,0.0,0.0,0.0,0.01830461,0.0620974,0.24371062,0.0,0.0,0.0,0.0,0.006305362,0.0,0.000979116,0.008560282,0.013521386,0.030990722,0.014063697,0.0,0.0,0.0,0.0,0.0,0.009639902,5.7534082e-05,0.00045469654,0.06720162,0.08203009,0.0,0.0,0.0,0.0,0.0,0.0,0.040346466,0.04029326,0.02783995,0.028810665,0.0,0.0,0.07681908,0.0,0.0,0.0018717287,0.001254338,0.005892503,0.03216071,0.029886449,0.0
0.017343523,0.059792142,0.0,0.16867837,0.0,0.0,0.0,0.017220333,0.0588923,0.24314295,0.0,0.0,0.0,0.0,0.006238206,0.0,0.0010205219,0.008541665,0.013437422,0.03075074,0.013748962,0.0,0.0,0.0,0.0,0.0,0.009896578,2.2887283e-05,0.00035218714,0.06704914,0.081882074,0.0,0.0,0.0,0.0,0.0,0.0,0.040089782,0.040061973,0.027503338,0.028477823,0.0,0.0,0.07603585,0.0,0.0,0.0017539605,0.0010705653,0.00571085,0.031509686,0.029273083,0.0
0.016289974,0.05714385,0.0,0.16896157,0.0,0.0,0.0,0.016193205,0.05626592,0.2434034,0.0,0.0,0.0,0.0,0.006172366,0.0,0.0010526673,0.008523327,0.01335936,0.030525815,0.013443018,0.0,0.0,0.0,0.0,0.0,0.0100870095,2.1915334e-06,0.00025506679,0.06689088,0.081718884,0.0,0.0,0.0,0.0,0.0,0.0,0.03985811,0.03985385,0.027186971,0.02816488,0.0,0.0,0.07527499,0.0,0.0,0.0016374373,0.0009060755,0.0055513554,0.030900683,0.02870226,0.0
0.015247838,0.055126067,0.0,0.16968898,0.0,0.0,0.0,0.015173836,0.05426304,0.2441233,0.0,0.0,0.0,0.0,0.006115132,0.0,0.0010702844,0.008518507,0.013292091,0.030342387,0.013138081,0.0,0.0,0.0,0.0,0.0,0.010216725,0.0,0.00017133116,0.0667618,0.08157435,0.0,0.0,0.0,0.0,0.0,0.0,0.039674845,0.039690014,0.026914513,0.027895683,0.0,0.0,0.074567646,0.0,0.0,0.0015181166,0.00076402526,0.00541871,0.030349229,0.028190605,0.0
0.014348669,0.053598806,0.0,0.17097542,0.0,0.0,0.0,0.014289993,0.0527446,0.24541754,0.0,0.0,0.0,0.0,0.0060664783,0.0,0.0010774197,0.008526616,0.013234496,0.03020434,0.012837898,0.0,0.0,0.0,0.0,0.0,0.0103017185,0.0,0.00010855303,0.06666224,0.08145101,0.0,0.0,0.0,0.0,0.0,0.0,0.03954565,0.03957642,0.026695771,0.027680837,0.0,0.0,0.07389577,0.0,0.0,0.0013967778,0.00064086483,0.0053084935,0.029861536,0.027741907,0.0
0.013593784,0.053275436,0.0,0.17368284,0.0,0.0,0.0,0.013544319,0.05241488,0.2481635,0.0,0.0,0.0,0.0,0.0060306224,0.0,0.001071277,0.008551643,0.013190182,0.03012364,0.012541682,0.0,0.0,0.0,0.0,0.0,0.010367244,0.0,6.126564e-05,0.066606246,0.08136136,0.0,0.0,0.0,0.0,0.0,0.0,0.039481003,0.039520353,0.026540386,0.027530221,0.0,0.0,0.073254384,0.0,0.0,0.0012713885,0.0005329584,0.00521941,0.02945849,0.027375458,0.0
0.012965779,0.05379568,0.0,0.1763552,0.0,0.0,0.0,0.01292087,0.052921355,0.25088656,0.0,0.0,0.0,0.0,0.0060133124,0.0,0.0010598123,0.008606656,0.013167142,0.030123478,0.012240446,2.55966e-05,0.0,0.0,0.0,0.0,0.010416642,0.0,2.7748767e-05,0.066625714,0.08134663,0.0,0.0,0.0,0.0,0.0,0.0,0.039513435,0.039549686,0.026474828,0.027468897,0.0,0.0,0.07268459,0.0,0.0,0.0011373111,0.000446806,0.0051550316,0.02917789,0.02712768,0.0
0.012428911,0.054264266,0.0,0.17846677,0.0,0.0,0.0,0.012386352,0.05337842,0.25304237,0.0,0.0,0.0,0.0,0.0060048117,0.0,0.0010390746,0.008678653,0.013155075,0.030172195,0.011936048,7.794093e-05,0.0,0.0,0.0,0.0,0.010452297,0.0,8.15025e-06,0.06667845,0.08135764,0.0,0.0,0.0,0.0,0.0,0.0,0.03959721,0.039623518,0.026465649,0.027463745,0.0,0.0,0.072143465,0.0,0.0,0.0009977139,0.00036859978,0.005098998,0.028975312,0.026953572,0.0
0.011992235,0.055171177,0.0,0.1807083,0.0,0.0,0.0,0.011949979,0.05426952,0.25533044,0.0,0.0,0.0,0.0,0.006008633,0.0,0.0010054036,0.008770664,0.013155037,0.03028478,0.011631536,0.00016229095,0.0,0.0,0.0,0.0,0.010478349,0.0,0.0,0.066779085,0.08140314,0.0,0.0,0.0,0.0,0.0,0.0,0.039747212,0.039756007,0.026525702,0.02752697,0.0,0.0,0.07163569,0.0,0.0,0.0008549922,0.0002992743,0.0050520175,0.028860388,0.026860539,0.0
0.011685801,0.056228977,0.0,0.18320261,0.0,0.0,0.0,0.011640677,0.055309325,0.25786698,0.0,0.0,0.0,0.0,0.006033424,0.0,0.0009671245,0.008889951,0.013175931,0.030487608,0.011334787,0.00028018063,0.0,0.0,0.0,0.0,0.010474576,0.0,0.0,0.06696132,0.08153217,0.0,0.0,0.0,0.0,0.0,0.0,0.04000466,0.039986238,0.026673308,0.027676089,0.0,0.0,0.07121107,0.0,0.0,0.00071386376,0.00024612632,0.0050208136,0.02884855,0.02686631,0.0
0.011468627,0.0572032,0.0,0.18499345,0.0,0.0,0.0,0.011418985,0.05626875,0.25968635,0.0,0.0,0.0,0.0,0.0060715787,0.0,0.0009216094,0.009029699,0.013213961,0.03075722,0.011048202,0.00043165157,0.0,0.0,0.0,0.0,0.010430845,0.0,0.0,0.0672018,0.08171704,0.0,0.0,0.0,0.0,0.0,0.0,0.0403367,0.04028576,0.026880316,0.027881078,0.0,0.0,0.07086894,0.0,0.0,0.0005771365,0.00020547675,0.004999474,0.028930744,0.02695864,0.0
0.011322854,0.05772513,0.0,0.1860669,0.0,0.0,0.0,0.011267625,0.05678238,0.26076975,0.0,0.0,0.0,0.0,0.006123022,0.0,0.0008762831,0.009189926,0.013268797,0.031087905,0.010775304,0.0006042053,0.0,0.0,0.0,0.0,0.01032041,0.0,0.0,0.06749314,0.08196448,0.0,0.0,0.0,0.0,0.0,0.0,0.040740676,0.0406571,0.027135283,0.0281317,0.0,0.0,0.07061343,0.0,0.0,0.00044795778,0.00017883845,0.0049871933,0.02907204,0.027105942,0.0
0.011206332,0.05732713,0.0,0.18701878,0.0,0.0,0.0,0.011145476,0.05638497,0.2617142,0.0,0.0,0.0,0.0,0.0061611445,0.0,0.0008212827,0.009329817,0.013317495,0.031372238,0.010525934,0.00076713174,0.0,0.0,0.0,0.0,0.010192461,0.0,0.0,0.06772646,0.08214163,0.0,0.0,0.0,0.0,0.0,0.0,0.041083425,0.04097633,0.027338544,0.028329851,0.0,0.0,0.07035554,0.0,0.0,0.00033162363,0.00014033442,0.0049572284,0.029188039,0.027219433,0.0
0.011118327,0.056385938,0.0,0.18832086,0.0,0.0,0.0,0.011051812,0.055448286,0.26299897,0.0,0.0,0.0,0.0,0.0061893873,0.0,0.00075817545,0.009448977,0.013363712,0.03160532,0.01029732,0.0009191397,0.0,0.0,0.0,0.0,0.010049387,0.0,0.0,0.06792099,0.08227521,0.0,0.0,0.0,0.0,0.0,0.0,0.04136694,0.04124438,0.027487732,0.02847368,0.0,0.0,0.07014849,0.0,0.0,0.00022636041,0.00010414395,0.004919625,0.029283835,0.027306046,0.0
0.01102391,0.055387285,0.0,0.18933,0.0,0.0,0.0,0.01095256,0.054455686,0.26399064,0.0,0.0,0.0,0.0,0.0062046573,0.0,0.0006988771,0.009546296,0.013407592,0.031777885,0.010087733,0.0010471777,0.0,0.0,0.0,0.0,0.009860264,0.0,0.0,0.06805532,0.08236201,0.0,0.0,0.0,0.0,0.0,0.0,0.041584156,0.04145551,0.027577104,0.028557695,0.0,0.0,0.06998931,0.0,0.0,0.00014462802,7.793088e-05,0.0048754383,0.029343309,0.027353235,0.0
0.010937968,0.054475483,0.0,0.1898427,0.0,0.0,0.0,0.010862152,0.053550825,0.2644879,0.0,0.0,0.0,0.0,0.006208626,0.0,0.00064603664,0.009626588,0.013446696,0.031908546,0.00989439,0.0011565795,0.0,0.0,0.0,0.0,0.009617243,0.0,0.0,0.06813802,0.08240627,0.0,0.0,0.0,0.0,0.0,0.0,0.041757375,0.04163069,0.027623441,0.028598847,0.0,0.0,0.06983824,0.0,0.0,8.417505e-05,5.231043e-05,0.004822418,0.0293597,0.027357168,0.0
0.010846404,0.05366662,0.0,0.19045945,0.0,0.0,0.0,0.010766832,0.0527475,0.26509252,0.0,0.0,0.0,0.0,0.0062035504,0.0,0.0006034066,0.009686236,0.013475843,0.03199288,0.00971282,0.0012477782,0.0,0.0,0.0,0.0,0.009343931,0.0,0.0,0.06816661,0.08240732,0.0,0.0,0.0,0.0,0.0,0.0,0.041883178,0.041762806,0.027633803,0.0286051,0.0,0.0,0.06969203,0.0,0.0,4.197232e-05,3.1355885e-05,0.004769981,0.02932572,0.027314091,0.0
0.010793496,0.053056695,0.0,0.1890022,0.0,0.0,0.0,0.010709382,0.05214806,0.2636065,0.0,0.0,0.0,0.0,0.0061758095,0.0,0.00056419894,0.009702832,0.0134743005,0.031990726,0.0095439805,0.0013344653,0.0,0.0,0.0,0.0,0.009101314,0.0,0.0,0.06808845,0.08229085,0.0,0.0,0.0,0.0,0.0,0.0,0.04190463,0.041793276,0.027587388,0.028551936,0.0,0.0,0.06951157,0.0,0.0,1.53786e-05,9.483667e-06,0.0047074277,0.02923574,0.027210532,0.0
0.012954768,0.05052474,0.0,0.16224599,0.0,0.0,0.0,0.012650962,0.049717836,0.23625337,0.0,0.0,0.0,0.0,0.0061304583,0.0,0.0005415273,0.009693396,0.013444928,0.031931605,0.009396617,0.0014087731,0.0,0.0,0.0,0.0,0.008916337,0.0,0.0,0.06794864,0.08211036,0.0,0.0,0.0,0.0,0.0,0.0,0.041862566,0.041762657,0.027516672,0.028466476,0.0,0.0,0.06929263,0.0,0.0,1.1622833e-06,0.0,0.004635045,0.029155083,0.027101504,0.0
0.017865272,0.04985769,0.014812621,0.13036332,0.0,0.0,0.0,0.0173531,0.049251117,0.1919355,0.008351952,0.0,0.0,0.0,0.006079087,0.0,0.0005507363,0.009687306,0.013408612,0.031843744,0.009301688,0.0014583621,0.0,0.0,0.0,0.0,0.008830478,0.0,0.0,0.067808345,0.08193242,0.0,0.0,0.0,0.0,0.0,0.0,0.041790713,0.041705538,0.027439713,0.028362343,0.0,0.0,0.069053784,0.0,0.0,7.3852e-06,0.0,0.004567372,0.029161945,0.027050681,0.0
0.023648432,0.054456726,0.049964722,0.09842621,0.0,0.0,0.0,0.02291798,0.054160286,0.1475616,0.035758395,0.0,0.0,0.0,0.0060116504,0.0,0.00058871874,0.009663769,0.013349218,0.031677753,0.009269917,0.0015055579,0.0,0.0,0.0,0.0,0.0088952305,0.0,0.0,0.067648016,0.08171436,0.0,0.0,0.0,0.0,0.0,0.0,0.041640777,0.041568935,0.0273271,0.028208232,0.0,0.0,0.06877556,0.0,0.0,5.5156182e-05,7.0363335e-06,0.004498547,0.029298669,0.027092451,0.0
0.028704114,0.05613717,0.09639864,0.06652209,0.0,0.0,0.0,0.027813537,0.05616644,0.10321997,0.073887944,0.0,0.0,0.0,0.005918341,0.0,0.00065024797,0.00959938,0.013251727,0.031345505,0.009292326,0.0015575027,0.0,0.0,0.0,0.0,0.009135081,0.0,0.0,0.067429066,0.08140312,0.0,0.0,0.0,0.0,0.0,0.0,0.04133681,0.041278128,0.027119502,0.02794373,0.0,0.0,0.06843062,0.0,0.0,0.00014109883,2.4832683e-05,0.004407964,0.029511493,0.027167577,0.0
0.0326181,0.056326926,0.14478944,0.034733213,0.0,0.0,0.0,0.03164109,0.05667031,0.058995433,0.11389888,0.0,0.0,0.0,0.0058042333,0.0,0.0007296592,0.0095031755,0.013124941,0.030885639,0.009362214,0.0016142813,0.0,0.0,0.0,0.0,0.009533095,0.0,0.0,0.06717667,0.08102201,0.0,0.0,0.0,0.0,0.0,0.0,0.04090631,0.040861186,0.026828518,0.027582692,0.0,0.0,0.0680218,0.0,0.0,0.0002646804,4.6863883e-05,0.004289484,0.029792026,0.027267309,0.0
0.03534934,0.055838432,0.19317606,0.004843875,0.0,0.0,0.0,0.034339886,0.05648327,0.016688023,0.15391992,0.0,0.0,0.0,0.005679035,0.0,0.0008274086,0.009388466,0.012980844,0.030319858,0.009467249,0.0016756689,0.0,0.0,0.0,0.0,0.010057327,0.0,0.0,0.06692797,0.080618426,0.0,0.0,0.0,0.0,0.0,0.0,0.040379234,0.04034842,0.026460417,0.027134415,0.0,0.0,0.06757653,0.0,0.0,0.00042310238,6.757415e-05,0.0041454174,0.030120574,0.027376069,0.0
0.035274472,0.058248784,0.24189307,0.0,0.0,0.0,0.0,0.03446682,0.059109345,0.0,0.19424021,0.0,0.0,0.0,0.0055522723,0.0,0.00093748217,0.00925989,0.012827164,0.02968727,0.00958966,0.0017527218,0.0,0.0,0.0,0.0,0.010636117,0.0,0.0,0.06669623,0.08021367,0.0,0.0,0.0,0.0,0.0,0.0,0.039796516,0.039776523,0.026046323,0.026635524,0.0,0.0,0.067123406,0.0,0.0,0.0006121275,8.068715e-05,0.003986122,0.030450756,0.027465884,1.6666666e-11
0.031990398,0.05910451,0.27554616,0.0,0.0,0.0,0.0,0.031384394,0.06007866,0.0,0.22597037,0.0,0.0,0.0,0.0054188217,0.0,0.0010398315,0.009106259,0.012648838,0.028994339,0.009694545,0.0018572696,0.0,0.0,0.0,0.0,0.011243069,0.0,0.0,0.06645015,0.07976848,0.0,0.0,0.0,0.0,0.0,0.0,0.039154116,0.039134946,0.025589503,0.02609542,0.0,0.0,0.06664215,0.0,0.0,0.0008171662,8.068715e-05,0.0037952163,0.030697757,0.027469678,1.6666666e-11
0.027398037,0.054653093,0.28843528,0.0,0.0,0.0,0.0,0.02701195,0.055629764,0.0,0.23824397,0.0,0.0,0.0,0.005286271,0.0,0.0011367472,0.00893722,0.012453805,0.028278723,0.009769725,0.0019653633,0.0,0.0,0.0,0.0,0.011833742,0.0,0.0,0.06620688,0.07931833,0.0,0.0,0.0,0.0,0.0,0.0,0.03848965,0.0384705,0.025108693,0.02553624,0.0,0.0,0.06613122,0.0,0.0,0.0010050634,7.3650815e-05,0.0035770764,0.030802112,0.027338728,1.6666666e-11
0.023160549,0.052374225,0.2908711,0.0,0.0,0.0,0.0,0.022941884,0.05333277,0.0,0.24060601,0.0,0.0,0.0,0.0051567587,0.0,0.0012289507,0.00876597,0.0122565515,0.027593408,0.009825601,0.0020643994,0.0,0.0,0.0,0.0,0.012410372,0.0,0.0,0.065972306,0.07888472,0.0,0.0,0.0,0.0,0.0,0.0,0.03782515,0.037808392,0.024635011,0.024990734,0.0,0.0,0.06563061,0.0,0.0,0.0011785349,5.5854467e-05,0.003349458,0.030797666,0.02711026,1.6666666e-11
0.01976795,0.050866835,0.2915587,0.0,0.0,0.0,0.0,0.019646596,0.051809702,0.0,0.24130735,0.0,0.0,0.0,0.0050327405,0.0,0.00131251,0.008597647,0.01206211,0.026932321,0.009871112,0.0021517938,0.0,0.0,0.0,0.0,0.012975802,0.0,0.0,0.06575334,0.07847582,0.0,0.0,0.0,0.0,0.0,0.0,0.037166815,0.037154295,0.024168829,0.024458684,0.0,0.0,0.06516196,0.0,0.0,0.0013378029,3.3823268e-05,0.0031199253,0.030704463,0.026806356,1.6666666e-11
0.017290428,0.050451558,0.29519898,0.0,0.0,0.0,0.0,0.017215917,0.051400144,0.0,0.24479486,0.0,0.0,0.0,0.004912095,0.0,0.0013862441,0.008427721,0.011864567,0.026286798,0.009905497,0.0022306668,0.0,0.0,0.0,0.0,0.013540535,0.0,0.0,0.06553759,0.078076854,0.0,0.0,0.0,0.0,0.0,0.0,0.03651022,0.0365017,0.023713866,0.023942942,0.0,0.0,0.064729184,0.0,0.0,0.00148171,1.3113e-05,0.0028877954,0.030552052,0.026456013,1.6666666e-11
0.015211198,0.047671106,0.3076182,0.0,0.0,0.0,0.0,0.015166376,0.048618503,0.0,0.25670716,0.0,0.0,0.0,0.0048075514,0.0,0.0014439325,0.008269515,0.011683299,0.025701823,0.009944235,0.0022995647,0.0,0.0,0.0,0.0,0.014101071,0.0,0.0,0.065367624,0.07773111,0.0,0.0,0.0,0.0,0.0,0.0,0.03591327,0.03590604,0.023297848,0.02346988,0.0,0.0,0.064321205,0.0,0.0,0.0016125239,0.0,0.0026565236,0.03037689,0.026093563,0.0
0.013424935,0.043241955,0.32600063,0.0,0.0,0.0,0.0,0.013399722,0.04417764,0.0,0.2743543,0.0,0.0,0.0,0.004722844,0.0,0.0014901723,0.008125142,0.0115214465,0.025182009,0.009987865,0.0023541367,0.0,0.0,0.0,0.0,0.014652588,0.0,0.0,0.06523694,0.07743989,0.0,0.0,0.0,0.0,0.0,0.0,0.035389043,0.035383344,0.0229218,0.023039525,0.0,0.0,0.0639216,0.0,0.0,0.0017283397,0.0,0.0024278585,0.030190524,0.025724556,0.0
0.011949161,0.038506277,0.3455633,0.0,0.0,0.0,0.0,0.011935849,0.039428353,0.0,0.29312938,0.0,0.0,0.0,0.0046615354,0.0,0.001521021,0.008006288,0.011392498,0.024746511,0.010041074,0.0024005861,0.0,0.0,0.0,0.0,0.015216162,0.0,0.0,0.06516214,0.07721724,0.0,0.0,0.0,0.0,0.0,0.0,0.034952648,0.034944445,0.022599403,0.022664007,0.0,0.0,0.06353333,0.0,0.0,0.0018273243,0.0,0.0022035898,0.03001523,0.025370361,0.0
0.010731742,0.034101892,0.3647344,0.0,0.0,0.0,0.0,0.010725311,0.03501118,0.0,0.31152135,0.0,0.0,0.0,0.004613889,0.0,0.0015327703,0.0078989705,0.011277981,0.02436045,0.010090539,0.002440487,0.0,0.0,0.0,0.0,0.015785128,0.0,0.0,0.06510118,0.07701253,0.0,0.0,0.0,0.0,0.0,0.0,0.034566194,0.034551293,0.022302046,0.02231516,0.0,0.0,0.063133866,0.0,0.0,0.0019066653,0.0,0.0019777098,0.029840587,0.025020765,0.0
0.009709037,0.030038625,0.3846016,0.0,0.0,0.0,0.0,0.009706458,0.030938674,0.0,0.33056957,0.0,0.0,0.0,0.004575535,0.0,0.0015323783,0.0077986615,0.011171973,0.024013713,0.010128238,0.0024768054,0.0,0.0,0.0,0.0,0.016356165,0.0,0.0,0.06504239,0.07681736,0.0,0.0,0.0,0.0,0.0,0.0,0.03422013,0.034193423,0.022030624,0.02199231,0.0,0.0,0.062705055,0.0,0.0,0.0019634494,0.0,0.0017458276,0.029665792,0.024675636,0.0
0.008822293,0.024980722,0.40197042,0.0,0.0,0.0,0.0,0.008821829,0.025849983,0.0,0.3472646,0.0,0.0,0.0,0.0045460057,0.0,0.0015218118,0.007709828,0.011080803,0.0237083,0.010156612,0.002507221,0.0,0.0,0.0,0.0,0.016909318,0.0,0.0,0.06498567,0.076631136,0.0,0.0,0.0,0.0,0.0,0.0,0.033917867,0.03387554,0.02177882,0.02169074,0.0,0.0,0.062245786,0.0,0.0,0.001998858,0.0,0.001512076,0.029475622,0.02432082,0.0
0.008044752,0.021661872,0.41049933,0.0,0.0,0.0,0.0,0.008045364,0.022499274,0.0,0.35549647,0.0,0.0,0.0,0.0045122304,0.0,0.0015091728,0.007618053,0.0109831365,0.023391595,0.010161601,0.0025306644,0.0,0.0,0.0,0.0,0.017442362,0.0,0.0,0.06489133,0.076415315,0.0,0.0,0.0,0.0,0.0,0.0,0.03360087,0.033543177,0.021509137,0.021374946,0.0,0.0,0.06177205,0.0,0.0,0.0020135837,0.0,0.001275443,0.029250083,0.023936417,0.0
0.007369466,0.019624384,0.4138487,0.0,0.0,0.0,1.99016e-05,0.0073705628,0.020436127,0.0,0.35876006,0.0,0.0,0.00016935846,0.0044733007,0.0,0.0014970996,0.007523119,0.010880734,0.023073612,0.010149322,0.002546427,0.0,0.0,0.0,0.0,0.017945906,0.0,0.0,0.06476861,0.076178014,0.0,0.0,0.0,0.0,0.0,0.0,0.033271875,0.033200353,0.021235526,0.021059064,0.0,0.0,0.061299898,0.0,0.0,0.0020154838,0.0,0.0010428831,0.029003844,0.023541888,0.0
